0 0.656003 0.198715 0.0506372 0.0461341
0 0.810534 0.137462 0.0572035 0.0391365
0 0.30746 0.636551 0.0392458 0.050456
0 0.162177 0.222549 0.0568541 0.0636309
0 0.203424 0.142998 0.0326812 0.0416998
0 0.581873 0.828027 0.0290201 0.0308318
0 0.0536121 0.444997 0.0447386 0.0737079
0 0.757868 0.767937 0.0860085 0.0280445
0 0.817 0.676249 0.076538 0.0603508
0 0.887359 0.607194 0.0373019 0.015632
0 0.31077 0.0180407 0.0451001 0.0360814
0 0.824052 0.604882 0.0195038 0.016943
0 0.309574 0.555296 0.0360494 0.0397563
0 0.166017 0.864484 0.0212299 0.028102
