0 0.348872 0.0135137 0.0653092 0.0270273
0 0.219608 0.0716918 0.0563583 0.0702975
0 0.876727 0.556447 0.0654447 0.0610397
0 0.258873 0.62689 0.0614784 0.061131
0 0.510926 0.94689 0.0545654 0.0514466
0 0.981775 0.585534 0.0312419 0.0403053
0 0.988234 0.695984 0.0228424 0.0410292
0 0.107112 0.334143 0.0494369 0.0637095
0 0.823078 0.132718 0.0329647 0.0260467
0 0.641106 0.847898 0.0455053 0.033198
0 0.110836 0.322682 0.0541437 0.0934796
0 0.536474 0.978397 0.0471642 0.0381207
0 0.0939154 0.305629 0.0930984 0.129868
0 0.0695736 0.302996 0.0526404 0.107319
0 0.0608556 0.309922 0.0340021 0.0851719
0 0.0848228 0.303664 0.0759034 0.107926
0 0.0864042 0.287616 0.0748588 0.0889239
0 0.987457 0.692903 0.0250868 0.057292
