0 0.236662 0.0779204 0.0311937 0.0352027
0 0.498209 0.0186789 0.0662099 0.0279629
0 0.246307 0.158618 0.0555855 0.0397366
0 0.683876 0.183716 0.0377054 0.0425222
0 0.0249357 0.445139 0.0412446 0.0445689
0 0.646414 0.285944 0.0732694 0.051038
0 0.798987 0.639045 0.0325489 0.0185632
0 0.142258 0.799852 0.0627349 0.0538116
0 0.565723 0.881631 0.0475038 0.0363289
0 0.577333 0.881237 0.0713491 0.0372531
0 0.8175 0.709743 0.0586753 0.0387871
0 0.85757 0.566097 0.0323646 0.0312512
0 0.154558 0.800216 0.0810593 0.0555205
0 0.607719 0.884852 0.0886235 0.0284619
0 0.516637 0.987472 0.0246792 0.0250553
0 0.616061 0.88585 0.0774496 0.0220811
0 0.879161 0.633648 0.0253839 0.0199037
0 0.0310947 0.444776 0.0543547 0.0488706
