0 0.291602 0.0175233 0.0871234 0.0343097
0 0.81267 0.651194 0.0538369 0.0559464
0 0.418632 0.47757 0.0604035 0.0638306
0 0.803523 0.782723 0.0501111 0.0451396
0 0.568311 0.32654 0.0583611 0.0495816
0 0.948385 0.441418 0.0284789 0.0634749
0 0.567541 0.893395 0.0640243 0.059288
0 0.986055 0.399037 0.0278906 0.0361403
0 0.495403 0.95308 0.0270239 0.0304868
0 0.728959 0.906513 0.0286298 0.0391011
0 0.628738 0.932212 0.0518706 0.0416899
0 0.168726 0.308186 0.030567 0.035148
0 0.175274 0.863513 0.0237009 0.0282938
0 0.622385 0.938402 0.0525339 0.0319548
0 0.622842 0.923511 0.0656077 0.0590408
