0 0.0699485 0.427537 0.0374365 0.0802022
0 0.748147 0.744036 0.0824732 0.0457265
0 0.174171 0.165045 0.0475965 0.0614299
0 0.63449 0.931029 0.0494897 0.0687071
0 0.839658 0.827208 0.0527678 0.0293975
0 0.0938397 0.295933 0.0402843 0.0398818
0 0.142943 0.249185 0.0448195 0.0744279
0 0.78765 0.199694 0.0462438 0.0306955
0 0.552451 0.980865 0.0302489 0.0358288
0 0.985467 0.663451 0.0259956 0.045465
0 0.244306 0.697693 0.0961846 0.0737236
0 0.227599 0.705905 0.0762253 0.0572274
0 0.133397 0.877745 0.0479953 0.0361226
0 0.12319 0.796272 0.0314156 0.0300786
0 0.344919 0.580944 0.0319595 0.0234815
