0 0.0686269 0.425141 0.0363539 0.0599488
0 0.764176 0.734856 0.0700977 0.0418274
0 0.255568 0.691536 0.0622486 0.0509242
0 0.169755 0.167531 0.0416675 0.0576743
0 0.152282 0.873426 0.0812416 0.0580759
0 0.814496 0.184518 0.0625427 0.0458877
0 0.227128 0.774424 0.0390145 0.0578799
0 0.828081 0.833283 0.0523754 0.0249665
0 0.658339 0.900326 0.0482118 0.0513575
0 0.139707 0.251943 0.0444084 0.0771585
0 0.976977 0.725364 0.0334468 0.0402546
0 0.0927196 0.29902 0.0355166 0.0379893
0 0.989441 0.5549 0.0200982 0.0490925
0 0.187663 0.734359 0.0360914 0.0303295
0 0.185169 0.700421 0.0314146 0.032861
0 0.19167 0.736284 0.0375257 0.0371122
0 0.5506 0.981726 0.0249991 0.0327387
0 0.609639 0.866511 0.0338219 0.0266142
