0 0.570851 0.979651 0.0469537 0.0406977
0 0.574883 0.843848 0.0612545 0.0535771
0 0.48733 0.917249 0.0416738 0.0755373
0 0.189588 0.0922446 0.0886953 0.101617
0 0.825327 0.670652 0.0439711 0.0543694
0 0.12226 0.399853 0.0508595 0.0666946
0 0.770335 0.739366 0.0331733 0.0442345
0 0.982324 0.671205 0.032378 0.0528471
0 0.143004 0.850357 0.021215 0.0330062
0 0.692047 0.892815 0.0450704 0.038348
0 0.0591569 0.411985 0.0280809 0.0494031
0 0.715259 0.731588 0.0270883 0.036886
0 0.822321 0.830179 0.0298765 0.0285184
0 0.483414 0.924691 0.0363106 0.0672505
0 0.756682 0.817483 0.0572925 0.0291939
