0 0.219679 0.0389794 0.0591612 0.0672628
0 0.693557 0.207925 0.0404608 0.0524229
0 0.0480419 0.451182 0.0375886 0.0322161
0 0.270617 0.604765 0.0318696 0.0415893
0 0.944886 0.660478 0.0525254 0.0475004
0 0.511759 0.967724 0.0768019 0.0645517
0 0.709676 0.862737 0.0322444 0.014271
0 0.821068 0.886599 0.0518327 0.0383598
0 0.701811 0.792466 0.0485733 0.0403019
0 0.14849 0.195143 0.0366924 0.0450051
0 0.767783 0.884949 0.0279095 0.0299569
0 0.528895 0.968194 0.111684 0.0603728
0 0.382453 0.535009 0.04557 0.0365026
