0 0.640774 0.83827 0.0738637 0.0627689
0 0.223842 0.0934923 0.0605977 0.0669519
0 0.732062 0.745234 0.0772386 0.0465786
0 0.889516 0.618854 0.0477028 0.0635825
0 0.292573 0.580816 0.0403394 0.033608
0 0.66486 0.319926 0.0521961 0.0613962
0 0.0835655 0.281063 0.0264756 0.0529387
0 0.056357 0.366106 0.0277034 0.0819989
0 0.573295 0.956602 0.0325089 0.0769222
0 0.89307 0.726927 0.0371802 0.0204961
0 0.789302 0.635068 0.0246468 0.025543
0 0.285596 0.542309 0.0279956 0.0232148
0 0.579836 0.957445 0.0434331 0.0729599
