0 0.290456 0.0226517 0.0657237 0.0453034
0 0.766928 0.788737 0.0568104 0.0412426
0 0.0921347 0.342549 0.0731235 0.0652443
0 0.496045 0.923435 0.0587069 0.0755512
0 0.550473 0.418246 0.0564871 0.0765951
0 0.82861 0.670632 0.030723 0.0386932
0 0.11774 0.24132 0.0422553 0.0571993
0 0.176601 0.324649 0.0460126 0.0342771
0 0.755768 0.911206 0.0448422 0.0329247
0 0.400743 0.0158183 0.0527221 0.0316366
0 0.394701 0.0190935 0.0641246 0.035456
0 0.625779 0.984148 0.0366535 0.0305855
0 0.579004 0.931204 0.0399814 0.0325773
0 0.989485 0.728482 0.0210305 0.0246321
0 0.403743 0.555217 0.0298227 0.0274562
