0 0.179986 0.172233 0.0431734 0.0477648
0 0.0509345 0.44933 0.0572477 0.102825
0 0.747301 0.795441 0.0411987 0.0251522
0 0.642557 0.821868 0.062742 0.0391877
0 0.131401 0.909639 0.0231607 0.0526314
0 0.178097 0.849161 0.0398257 0.0648358
0 0.165737 0.768179 0.0452454 0.0214441
0 0.13055 0.265876 0.0347847 0.0870154
0 0.987387 0.546056 0.0226209 0.0440722
0 0.599167 0.86977 0.0305777 0.0302169
0 0.13236 0.821012 0.0528158 0.0582415
0 0.158807 0.837797 0.0735029 0.0968018
0 0.138894 0.823397 0.0665917 0.067467
