0 0.182013 0.184371 0.0515031 0.0508364
0 0.269224 0.639404 0.0544989 0.0718825
0 0.218919 0.802791 0.0499451 0.0675402
0 0.205457 0.741112 0.0579883 0.0691757
0 0.453573 0.482083 0.0378025 0.0181874
0 0.695903 0.308838 0.071772 0.0598465
0 0.550184 0.924798 0.068886 0.0563648
0 0.547145 0.933106 0.0772991 0.0705664
0 0.526895 0.952076 0.100518 0.092868
0 0.74393 0.838552 0.0262271 0.0404285
0 0.504501 0.958566 0.107522 0.0828685
0 0.541373 0.967631 0.0678914 0.0635837
0 0.519026 0.961259 0.113362 0.0724357
0 0.550281 0.954626 0.072037 0.0782945
