0 0.671909 0.80479 0.0593412 0.0474834
0 0.235309 0.0816055 0.0556409 0.0633041
0 0.893664 0.616542 0.0376107 0.0564978
0 0.752575 0.736147 0.0569981 0.03748
0 0.570853 0.942631 0.0289395 0.0604239
0 0.0638132 0.337643 0.0421944 0.0926929
0 0.154351 0.368972 0.0341884 0.0312256
0 0.686525 0.249767 0.0613397 0.0346271
0 0.788533 0.635348 0.0266604 0.0333097
0 0.29631 0.587987 0.0408233 0.0529176
0 0.969287 0.635566 0.0492357 0.0543331
0 0.450971 0.98749 0.0264546 0.0250196
0 0.293157 0.604937 0.0375317 0.0834033
