0 0.259383 0.597774 0.0592982 0.036056
0 0.602687 0.875104 0.0567582 0.0648537
0 0.513634 0.913683 0.0617555 0.0819634
0 0.466138 0.0105744 0.0621076 0.0211488
0 0.102521 0.244746 0.0294169 0.0454232
0 0.249317 0.0804115 0.0889886 0.0796798
0 0.924747 0.676897 0.0485929 0.0283105
0 0.910297 0.758792 0.0494976 0.0491188
0 0.0520147 0.380974 0.0320962 0.0411659
0 0.331244 0.0139524 0.0409757 0.0279048
0 0.835743 0.766915 0.0720866 0.0583067
0 0.114722 0.339254 0.042926 0.0455384
0 0.139578 0.306184 0.036168 0.044834
0 0.846861 0.746465 0.0728049 0.0702958
0 0.853825 0.734833 0.0605384 0.0516999
