0 0.565047 0.841792 0.0660064 0.058557
0 0.709701 0.168237 0.0488534 0.0300968
0 0.405395 0.573887 0.0541157 0.0352812
0 0.300945 0.619596 0.0501534 0.0512217
0 0.203662 0.13358 0.0503663 0.0732719
0 0.0529985 0.385069 0.043258 0.0836364
0 0.177952 0.29203 0.03975 0.0769653
0 0.497764 0.0220953 0.0364749 0.0210671
0 0.342417 0.00908149 0.0370844 0.018163
0 0.1672 0.292439 0.0469243 0.0787419
0 0.891275 0.702819 0.0886061 0.0773267
0 0.9013 0.713974 0.0987225 0.0966359
0 0.926937 0.724024 0.0678331 0.0697081
0 0.181968 0.304205 0.0316039 0.0525062
0 0.272137 0.682147 0.0214987 0.0285478
