0 0.578016 0.85163 0.0559876 0.0433609
0 0.246486 0.0507213 0.0739377 0.0490444
0 0.221433 0.694196 0.0683121 0.0587885
0 0.652985 0.913452 0.07074 0.0600975
0 0.377409 0.612255 0.0381647 0.0344621
0 0.150406 0.336204 0.0614025 0.087104
0 0.117121 0.951615 0.0202817 0.0457444
0 0.616399 0.382981 0.0390198 0.0307161
0 0.41785 0.452239 0.0360274 0.0279104
0 0.195896 0.225933 0.0463146 0.0715192
0 0.592889 0.341263 0.0486103 0.032594
0 0.907892 0.723692 0.0461642 0.058931
0 0.583524 0.350436 0.0680335 0.0509388
0 0.575591 0.354402 0.0605141 0.0516781
0 0.902312 0.72666 0.0346633 0.0502479
0 0.933427 0.757832 0.0315711 0.0198283
