0 0.258363 0.0581301 0.0564744 0.0521477
0 0.1362 0.129918 0.029898 0.0546951
0 0.258123 0.639018 0.0454835 0.0431043
0 0.099625 0.404711 0.0305113 0.0486027
0 0.336379 0.64394 0.0376104 0.0368075
0 0.143513 0.797654 0.0669235 0.112392
0 0.79591 0.635021 0.0298483 0.0209199
0 0.144229 0.809261 0.0430317 0.0857038
0 0.515166 0.886384 0.0303383 0.022411
0 0.258615 0.146241 0.0283442 0.0295829
0 0.14852 0.783181 0.0644477 0.0868515
0 0.903123 0.599531 0.0290743 0.0299175
0 0.495252 0.358896 0.0253345 0.0329475
