0 0.608475 0.607529 0.0354315 0.0451164
0 0.837758 0.761214 0.0442884 0.0751414
0 0.114374 0.76397 0.0315999 0.0296426
0 0.18521 0.667132 0.0357136 0.058532
0 0.546256 0.477662 0.0382257 0.0851703
0 0.64554 0.168336 0.0235388 0.0804861
0 0.655107 0.482915 0.0369947 0.0586778
0 0.905177 0.88368 0.0358486 0.0571482
0 0.0800325 0.506634 0.038062 0.0281647
0 0.428601 0.644777 0.077175 0.101588
0 0.151075 0.420793 0.0256299 0.0482422
0 0.540624 0.282072 0.026288 0.0442685
0 0.0244528 0.619423 0.0326197 0.0635105
0 0.505675 0.224794 0.0236599 0.0427185
0 0.100451 0.475709 0.0391741 0.0431038
0 0.643588 0.17868 0.0203636 0.0688491
0 0.532805 0.848956 0.050438 0.122448
0 0.539501 0.868162 0.0377138 0.0970632
0 0.528265 0.828348 0.0562665 0.129883
0 0.496254 0.723991 0.043358 0.0986233
0 0.501139 0.741564 0.0537016 0.136162
0 0.521077 0.800658 0.0597652 0.139964
