0 0.608437 0.607355 0.0376486 0.0468979
0 0.114461 0.763694 0.0347565 0.0304837
0 0.184916 0.664954 0.0346193 0.056123
0 0.655042 0.482167 0.0382683 0.0626268
0 0.835369 0.758767 0.0493553 0.0844873
0 0.545863 0.476856 0.0373757 0.0834705
0 0.645459 0.170051 0.0240388 0.0849952
0 0.904897 0.883868 0.0384395 0.057513
0 0.540397 0.286208 0.0226302 0.0519077
0 0.151059 0.418738 0.0273829 0.0466511
0 0.0903148 0.483866 0.0633534 0.0742679
0 0.433078 0.647509 0.0776423 0.10528
0 0.0237441 0.617874 0.0318274 0.0614058
0 0.0869539 0.493878 0.0515819 0.0534052
0 0.425314 0.636014 0.0618328 0.0758827
0 0.506313 0.225015 0.0228326 0.0443878
0 0.532967 0.849835 0.0526297 0.124145
0 0.539635 0.867476 0.0369611 0.0942514
0 0.839278 0.767502 0.0424402 0.0742974
0 0.528745 0.828663 0.058953 0.132074
0 0.546715 0.487307 0.033592 0.0654832
0 0.501421 0.741633 0.0524143 0.13729
0 0.520619 0.800127 0.0600194 0.139161
0 0.513103 0.767661 0.0637445 0.139423
0 0.49696 0.720781 0.0420393 0.106092
