0 0.60771 0.60676 0.0342693 0.0432272
0 0.113277 0.760587 0.0293048 0.0258613
0 0.835212 0.758978 0.0501777 0.0809475
0 0.654758 0.480127 0.0356634 0.0586214
0 0.186829 0.666257 0.0381433 0.0584569
0 0.645498 0.16593 0.022701 0.0798931
0 0.547196 0.477323 0.0435306 0.0797815
0 0.905002 0.883833 0.0352955 0.0547221
0 0.0822821 0.506611 0.036751 0.0276029
0 0.541481 0.284409 0.0222912 0.0520383
0 0.431501 0.648875 0.0746959 0.100578
0 0.150427 0.422656 0.024904 0.0478306
0 0.0247168 0.614696 0.0301719 0.0521567
0 0.505881 0.225411 0.0250261 0.0475526
0 0.100958 0.47515 0.0362037 0.0459983
0 0.427306 0.638683 0.0642471 0.0787878
0 0.533781 0.847329 0.0488746 0.121326
0 0.542175 0.868566 0.032034 0.0862032
0 0.521709 0.800965 0.0598767 0.137403
0 0.644418 0.178091 0.0190852 0.061707
0 0.528056 0.823724 0.056783 0.127939
0 0.839499 0.766584 0.042466 0.0724757
0 0.515224 0.771396 0.0665266 0.139607
0 0.495084 0.719588 0.0393915 0.103367
