0 0.545801 0.486262 0.0310001 0.0649632
0 0.652511 0.479805 0.0396056 0.0585603
0 0.540577 0.291818 0.0227239 0.0481613
0 0.222551 0.927639 0.0383523 0.0900822
0 0.73383 0.589022 0.0685755 0.0890734
0 0.0937921 0.480546 0.0596111 0.0736402
0 0.847363 0.775026 0.0342197 0.0620303
0 0.32087 0.186113 0.0438925 0.0889838
0 0.123696 0.76999 0.0348307 0.0280118
0 0.393639 0.454428 0.0237982 0.0188406
0 0.903323 0.872367 0.030246 0.0347774
0 0.513971 0.759181 0.0335903 0.062615
0 0.185755 0.661929 0.0347573 0.0468385
0 0.503265 0.728791 0.034098 0.0745878
0 0.0269997 0.634158 0.0358141 0.092427
0 0.79915 0.709369 0.0202763 0.0278747
0 0.423316 0.637357 0.0865175 0.133733
0 0.151891 0.414965 0.0289017 0.0426289
0 0.368247 0.724833 0.0228641 0.0219829
0 0.415779 0.609978 0.0708077 0.0742552
0 0.507447 0.229254 0.0214989 0.036419
0 0.431996 0.653463 0.074051 0.109917
0 0.0226455 0.27303 0.0358828 0.0488757
