0 0.414629 0.798396 0.0417465 0.0373112
0 0.637706 0.639872 0.0671835 0.0660126
0 0.201267 0.699163 0.0391671 0.0695591
0 0.808314 0.712381 0.0494519 0.0500654
0 0.509445 0.19455 0.0274353 0.0698675
0 0.927678 0.907338 0.0282236 0.046598
0 0.556765 0.499011 0.0447116 0.0740494
0 0.214742 0.859077 0.0457324 0.0764401
0 0.82574 0.760946 0.0566161 0.0479662
0 0.120854 0.737934 0.0298566 0.0771891
0 0.582645 0.379455 0.0231535 0.0865895
0 0.490413 0.733737 0.0759015 0.090441
0 0.582283 0.371173 0.02865 0.0962427
0 0.624223 0.308232 0.0412127 0.0929747
0 0.384476 0.463299 0.0276016 0.0235066
0 0.496344 0.739638 0.0592751 0.075381
0 0.813921 0.723439 0.0553131 0.0821521
0 0.609763 0.311585 0.0691688 0.101049
0 0.823592 0.753434 0.0602791 0.0660276
0 0.632612 0.529288 0.0608908 0.0565329
0 0.621586 0.512723 0.0806457 0.0870642
