0 0.606855 0.606982 0.0330563 0.0429913
0 0.185732 0.666207 0.0370338 0.0571227
0 0.113543 0.762609 0.0310057 0.027493
0 0.835411 0.759719 0.0499449 0.0820515
0 0.654185 0.477597 0.0382781 0.0650756
0 0.545427 0.473596 0.0356543 0.0797046
0 0.644293 0.156354 0.0245054 0.0689979
0 0.905349 0.884706 0.0370495 0.056366
0 0.0816829 0.504531 0.0387009 0.0327982
0 0.427213 0.648968 0.0644344 0.0924838
0 0.541994 0.283652 0.0209463 0.0444503
0 0.151221 0.421428 0.0270496 0.0516765
0 0.0243498 0.619169 0.0348036 0.0720196
0 0.507038 0.225561 0.0218052 0.0425983
0 0.0970137 0.475816 0.0479761 0.0556037
0 0.522057 0.810326 0.0630157 0.105521
0 0.0898544 0.491 0.0494389 0.0680801
0 0.506451 0.744441 0.0628617 0.133642
0 0.498428 0.727944 0.0457869 0.0998912
