0 0.876491 0.778634 0.0437195 0.0512574
0 0.588744 0.536212 0.0373646 0.0391667
0 0.425794 0.568118 0.0358651 0.0578579
0 0.572702 0.457796 0.032696 0.042843
0 0.178871 0.623657 0.0373979 0.0576518
0 0.0469158 0.140879 0.0595801 0.0487244
0 0.482807 0.650169 0.0575452 0.0753514
0 0.674308 0.459378 0.0463331 0.0829169
0 0.928804 0.870657 0.0592439 0.0679483
0 0.291653 0.248444 0.0276003 0.0877578
0 0.13831 0.469391 0.0232134 0.0403399
0 0.540596 0.867028 0.0263306 0.0812843
0 0.773997 0.61426 0.106411 0.12962
0 0.76848 0.596264 0.101904 0.106054
0 0.586146 0.89609 0.0469788 0.076103
0 0.552154 0.123741 0.0172812 0.0387896
0 0.542693 0.876243 0.027405 0.0808322
0 0.0369065 0.601052 0.0216058 0.0447482
0 0.590582 0.902657 0.0366106 0.0587723
0 0.671223 0.450156 0.039351 0.0821273
0 0.695079 0.514439 0.0265272 0.0325315
0 0.756304 0.577041 0.0728579 0.069186
0 0.593838 0.908248 0.0340674 0.0607886
