0 0.1143 0.764211 0.0344553 0.0314478
0 0.653364 0.477633 0.0384579 0.0610831
0 0.727956 0.582902 0.0598319 0.077693
0 0.185231 0.666209 0.0348614 0.052438
0 0.547386 0.477619 0.0425477 0.0832754
0 0.904638 0.88243 0.0372195 0.0548704
0 0.835911 0.759255 0.0485258 0.084114
0 0.609467 0.610833 0.0262778 0.0360793
0 0.646011 0.185236 0.0218165 0.0722222
0 0.391417 0.453642 0.02587 0.0231867
0 0.0781581 0.51002 0.0347312 0.0200889
0 0.50582 0.225806 0.0251807 0.0428769
0 0.150971 0.420101 0.0260703 0.046278
0 0.430279 0.649 0.0777873 0.109704
0 0.540521 0.283665 0.0203547 0.04265
0 0.023738 0.62216 0.0347837 0.0696275
0 0.503905 0.738937 0.0491651 0.117715
0 0.542142 0.838537 0.0203689 0.0467536
0 0.107288 0.468964 0.0255051 0.0431225
0 0.549091 0.487157 0.041069 0.0628794
0 0.496143 0.719473 0.045659 0.104961
