0 0.586845 0.542426 0.0366069 0.0381544
0 0.879901 0.777525 0.0484581 0.0367695
0 0.135105 0.479062 0.0247329 0.0448939
0 0.178911 0.630786 0.0426057 0.0551981
0 0.58778 0.905941 0.0361531 0.0619309
0 0.940184 0.881998 0.0420219 0.0615808
0 0.478234 0.649574 0.0633091 0.0819623
0 0.573772 0.809758 0.0297471 0.0461588
0 0.676308 0.464987 0.047456 0.092187
0 0.522848 0.764079 0.0344942 0.0859135
0 0.575936 0.465783 0.0285037 0.0304242
0 0.14777 0.384749 0.0234416 0.0524836
0 0.552805 0.139636 0.0171797 0.041314
0 0.0637236 0.493594 0.0390193 0.0755956
0 0.767489 0.610664 0.100857 0.118973
0 0.827756 0.700631 0.027071 0.0234392
0 0.761377 0.597226 0.0936105 0.105035
0 0.119079 0.734332 0.0227836 0.0182712
0 0.0845396 0.201077 0.0192908 0.01313
0 0.672098 0.452668 0.0363221 0.0706388
