0 0.414106 0.797228 0.041575 0.0388708
0 0.20154 0.700111 0.0387645 0.0697248
0 0.638696 0.6413 0.0663154 0.0697644
0 0.927661 0.909198 0.0276176 0.0451314
0 0.508753 0.193187 0.0258666 0.0695843
0 0.215892 0.860164 0.0436923 0.0759194
0 0.810724 0.715448 0.0519214 0.0587714
0 0.558451 0.499367 0.0505722 0.0767198
0 0.824662 0.758527 0.055705 0.0520978
0 0.583054 0.380136 0.0225986 0.0856236
0 0.12151 0.740625 0.0310922 0.0779362
0 0.483414 0.730125 0.0716793 0.0907915
0 0.816146 0.726739 0.0569819 0.0899903
0 0.623404 0.307216 0.0451986 0.0919909
0 0.583147 0.371807 0.0296317 0.0971581
0 0.575234 0.500936 0.0821582 0.0814798
0 0.607468 0.310921 0.0767751 0.100195
0 0.630567 0.527035 0.0570539 0.0618651
0 0.823376 0.749496 0.0590223 0.072228
0 0.497488 0.740029 0.0491234 0.0820577
0 0.603349 0.510982 0.110717 0.091923
0 0.615905 0.524461 0.088685 0.0775972
0 0.38316 0.463378 0.0247909 0.023621
0 0.613138 0.321119 0.0640075 0.12999
