0 0.670898 0.522746 0.0401919 0.0791745
0 0.917179 0.894302 0.0450717 0.0644329
0 0.194821 0.683675 0.0447401 0.0713348
0 0.550716 0.489769 0.0381794 0.0681148
0 0.581501 0.398117 0.0252836 0.0792875
0 0.621744 0.623742 0.0371867 0.0469613
0 0.640666 0.249869 0.0268204 0.0542837
0 0.820721 0.721806 0.055365 0.0679152
0 0.506776 0.215764 0.0238919 0.0576572
0 0.831186 0.756696 0.0455618 0.0679077
0 0.148059 0.430549 0.0208253 0.0415175
0 0.473894 0.680338 0.0646394 0.11238
0 0.109121 0.757374 0.0261741 0.019051
0 0.47098 0.668136 0.0527608 0.0858457
0 0.48852 0.725127 0.0905257 0.114619
0 0.0727653 0.507306 0.0276641 0.019505
0 0.491196 0.741797 0.0817728 0.0845623
0 0.479745 0.705827 0.0912222 0.147707
