0 0.230499 0.947932 0.026083 0.060629
0 0.54563 0.486778 0.0337894 0.0634876
0 0.123112 0.76824 0.0368936 0.0290772
0 0.734103 0.589395 0.0700569 0.0888593
0 0.541347 0.290459 0.0225043 0.049291
0 0.0948735 0.482423 0.0605203 0.0765361
0 0.391912 0.454222 0.0258245 0.0189364
0 0.902552 0.871567 0.0294887 0.0349169
0 0.654115 0.47633 0.0420659 0.0670456
0 0.312136 0.161189 0.0490719 0.0967877
0 0.185538 0.664659 0.0339023 0.0498772
0 0.503547 0.73313 0.0382524 0.0854821
0 0.845313 0.773442 0.0344288 0.0658925
0 0.422596 0.634683 0.0885277 0.122345
0 0.0268618 0.63395 0.0364701 0.0926973
0 0.510005 0.747925 0.03546 0.0906689
0 0.647276 0.200224 0.0190432 0.0336339
0 0.506932 0.228097 0.0230652 0.0389764
0 0.80509 0.718298 0.0264668 0.0432925
0 0.34832 0.262246 0.0245647 0.0335991
0 0.021815 0.272802 0.0314659 0.0413753
0 0.151701 0.41421 0.0278114 0.0416927
0 0.902633 0.87223 0.0338727 0.0466359
0 0.540765 0.287189 0.0288169 0.0528928
0 0.431011 0.648363 0.0747523 0.104141
0 0.309296 0.578318 0.0294818 0.0495436
0 0.314615 0.173154 0.0415297 0.0715156
