0 0.917158 0.893269 0.0401466 0.0618762
0 0.194674 0.684454 0.045337 0.0709594
0 0.674148 0.521581 0.0464048 0.0707024
0 0.549188 0.490346 0.0389664 0.0685755
0 0.822384 0.716569 0.0580146 0.0627373
0 0.621619 0.621542 0.0358045 0.0452468
0 0.394468 0.37141 0.0245471 0.0838628
0 0.582607 0.398318 0.0233417 0.0788518
0 0.638408 0.257618 0.0155905 0.038782
0 0.39049 0.756018 0.0341264 0.0229541
0 0.837169 0.774825 0.0413761 0.0398514
0 0.148567 0.430007 0.0212217 0.0370136
0 0.506781 0.214592 0.0247119 0.0573071
0 0.470209 0.680384 0.0707019 0.110245
0 0.46733 0.668474 0.0596529 0.0871974
0 0.490256 0.726569 0.0893026 0.108803
0 0.49323 0.74102 0.0785874 0.0850496
0 0.625527 0.62421 0.0473416 0.0500324
0 0.106688 0.758393 0.0231967 0.0166399
