0 0.207701 0.860461 0.0518294 0.113673
0 0.66327 0.666591 0.0585036 0.0480633
0 0.60785 0.523893 0.110587 0.0736403
0 0.122791 0.751978 0.033782 0.0822778
0 0.603463 0.37173 0.0482974 0.0936724
0 0.767577 0.667403 0.108097 0.0875766
0 0.7804 0.745261 0.0898104 0.0334761
0 0.206054 0.852155 0.0433155 0.0911988
0 0.206861 0.869853 0.0444072 0.0917745
0 0.438941 0.835631 0.0315326 0.0335708
0 0.376394 0.461327 0.0313244 0.0216643
0 0.594697 0.371105 0.0656724 0.103935
0 0.60883 0.35967 0.0367019 0.0721374
0 0.535315 0.0118931 0.0287666 0.0237861
