0 0.113807 0.763426 0.032731 0.0270351
0 0.54746 0.47854 0.0363472 0.0756186
0 0.729707 0.585126 0.0593048 0.077206
0 0.833697 0.757611 0.0529032 0.0829753
0 0.655779 0.481368 0.0401142 0.0647177
0 0.610121 0.609082 0.0278625 0.0358706
0 0.646078 0.174934 0.0223125 0.0777169
0 0.185586 0.666336 0.0339898 0.0534613
0 0.0787994 0.505613 0.0366454 0.0255806
0 0.904897 0.884236 0.038635 0.0568707
0 0.541613 0.285978 0.019964 0.0431727
0 0.391768 0.452327 0.0273041 0.0203496
0 0.433836 0.647893 0.0850594 0.104599
0 0.150046 0.421393 0.0261688 0.0486184
0 0.0237897 0.625125 0.0331621 0.0710921
0 0.111568 0.464096 0.0250833 0.0356436
0 0.505072 0.741293 0.0541472 0.121507
0 0.643552 0.181145 0.0221763 0.0765376
0 0.505587 0.224053 0.0238006 0.0468241
0 0.540605 0.284222 0.027167 0.0460848
0 0.839162 0.76691 0.0424092 0.0723395
