0 0.834893 0.760057 0.0441641 0.0479445
0 0.191426 0.685325 0.0376698 0.0614635
0 0.670948 0.660076 0.0516473 0.0444554
0 0.477136 0.698577 0.0364996 0.04565
0 0.215104 0.843528 0.0602511 0.0847653
0 0.802827 0.686424 0.0577269 0.0618424
0 0.582676 0.369819 0.0281923 0.0873096
0 0.577207 0.519336 0.0693352 0.119204
0 0.391801 0.443849 0.0279502 0.0213009
0 0.60546 0.439798 0.0367947 0.0918311
0 0.747967 0.629723 0.0347106 0.0579588
0 0.462681 0.866111 0.0232075 0.0403923
0 0.586807 0.516522 0.098671 0.135145
0 0.585018 0.53137 0.0820043 0.115291
0 0.60859 0.461372 0.0453845 0.118625
0 0.930961 0.905701 0.0270302 0.040229
0 0.831656 0.755466 0.0489199 0.0627415
0 0.592574 0.549516 0.0705861 0.0928764
0 0.12924 0.721867 0.0337008 0.0882853
