0 0.585601 0.544817 0.0401154 0.0439899
0 0.17922 0.635826 0.0412964 0.0494621
0 0.134074 0.482222 0.0266856 0.0459205
0 0.878898 0.783109 0.0509083 0.0434771
0 0.588943 0.917753 0.0283015 0.0453372
0 0.937604 0.884242 0.0499425 0.0625544
0 0.573956 0.818001 0.0331399 0.0558772
0 0.576864 0.473242 0.0309789 0.0308098
0 0.675059 0.454036 0.0527079 0.115686
0 0.47515 0.640188 0.0723383 0.10397
0 0.553043 0.142639 0.0175817 0.0472903
0 0.304931 0.369321 0.0219229 0.0396115
0 0.767847 0.615771 0.101806 0.114898
0 0.401937 0.441879 0.0294342 0.0256206
0 0.826274 0.701498 0.0269675 0.0244262
0 0.670432 0.444544 0.0417104 0.0925399
0 0.0819636 0.479223 0.033518 0.0290247
0 0.145592 0.382167 0.017861 0.0322281
0 0.117402 0.736547 0.0205808 0.019789
0 0.0465377 0.54729 0.022517 0.0288961
