0 0.91545 0.893787 0.0463604 0.0650562
0 0.196658 0.68416 0.0488488 0.0716839
0 0.550581 0.489107 0.0386233 0.0718033
0 0.669791 0.521019 0.0428724 0.0813814
0 0.620044 0.621382 0.0369433 0.0466986
0 0.58123 0.397665 0.0242763 0.0801803
0 0.638532 0.249513 0.0259008 0.0674698
0 0.14819 0.431862 0.0214084 0.0485755
0 0.823705 0.734535 0.058985 0.0732157
0 0.829381 0.74778 0.0509888 0.0870051
0 0.506813 0.216057 0.0227869 0.051961
0 0.335894 0.245814 0.0305721 0.0500651
0 0.108884 0.75842 0.0238439 0.0191352
0 0.475814 0.683251 0.0648338 0.10892
0 0.473367 0.669402 0.0533137 0.0797181
0 0.491333 0.740597 0.0820574 0.0849968
0 0.488608 0.724739 0.0905564 0.113223
0 0.339668 0.248321 0.038152 0.0627526
0 0.380386 0.74327 0.0332792 0.0207057
0 0.542044 0.274294 0.0230991 0.0318643
0 0.070558 0.50699 0.0234153 0.0206561
0 0.345982 0.25748 0.033658 0.0621393
0 0.623209 0.623428 0.0437315 0.0580859
0 0.480445 0.704713 0.089249 0.147076
