0 0.609798 0.60749 0.0361224 0.0449982
0 0.113327 0.762152 0.030095 0.0272341
0 0.185059 0.664015 0.0378041 0.057359
0 0.652733 0.479031 0.0408167 0.0652257
0 0.544432 0.474771 0.0370288 0.0788591
0 0.833684 0.757413 0.051253 0.0836911
0 0.645061 0.161492 0.0233058 0.072277
0 0.0824248 0.503706 0.0436242 0.0343812
0 0.90524 0.885754 0.0371946 0.0562162
0 0.427397 0.649308 0.067777 0.0971698
0 0.150202 0.421592 0.024879 0.0452052
0 0.540721 0.280569 0.025002 0.0458648
0 0.0265284 0.622465 0.03566 0.0725335
0 0.505543 0.226328 0.0243226 0.0436486
0 0.527759 0.820799 0.0545406 0.119666
0 0.0865545 0.495982 0.0469857 0.0566435
0 0.503734 0.741552 0.0559814 0.132764
0 0.52277 0.802164 0.0735452 0.134451
0 0.0976676 0.480822 0.0446228 0.0525687
0 0.496215 0.724411 0.0407035 0.0998118
0 0.532603 0.836325 0.042825 0.0987645
0 0.838438 0.766719 0.0425327 0.0719947
0 0.338481 0.253993 0.0262493 0.029318
