0 0.19122 0.681711 0.0362098 0.0661082
0 0.838835 0.757243 0.0401256 0.0526032
0 0.454446 0.69596 0.0588751 0.0648502
0 0.932208 0.889919 0.0332909 0.0512621
0 0.669827 0.650961 0.0482049 0.0426632
0 0.55799 0.0473705 0.081522 0.0406547
0 0.803368 0.680717 0.0546153 0.0573444
0 0.743275 0.619567 0.0368176 0.0723177
0 0.624011 0.481448 0.0438778 0.0930483
0 0.217396 0.847979 0.0470867 0.0801599
0 0.573048 0.476883 0.0650697 0.0555372
0 0.212765 0.848969 0.0590569 0.0934435
0 0.582539 0.383016 0.0600692 0.122226
0 0.58677 0.352834 0.0688207 0.0816345
0 0.397695 0.441985 0.0252737 0.0254086
0 0.153622 0.848192 0.0518521 0.0609508
0 0.630657 0.489221 0.0310488 0.0714843
0 0.163967 0.85016 0.0742661 0.0763273
0 0.124076 0.721971 0.0344526 0.0860417
0 0.573141 0.470347 0.074917 0.0886096
