0 0.190467 0.692189 0.0388854 0.0640239
0 0.662631 0.656857 0.0648654 0.0595839
0 0.101254 0.5477 0.039402 0.0689406
0 0.386915 0.456837 0.0269558 0.0265525
0 0.537748 0.907727 0.0302265 0.0855899
0 0.574047 0.520418 0.0631778 0.0972447
0 0.212947 0.848502 0.0621097 0.083612
0 0.481009 0.696203 0.0609058 0.108732
0 0.593646 0.375235 0.0494289 0.0923244
0 0.82092 0.728337 0.0795348 0.126257
0 0.929276 0.908033 0.0238934 0.041922
0 0.7459 0.626266 0.0351228 0.0702169
0 0.482926 0.708279 0.0517195 0.0741644
0 0.598556 0.415464 0.0471823 0.11434
0 0.607458 0.43404 0.0342675 0.073193
0 0.123613 0.727443 0.0358417 0.0952458
0 0.401747 0.39221 0.0260719 0.0343527
0 0.196239 0.845447 0.0954595 0.0937878
0 0.739869 0.629608 0.0333612 0.0808743
0 0.810471 0.704764 0.0707896 0.0767442
0 0.467105 0.672024 0.0376804 0.0718263
0 0.827729 0.744345 0.061784 0.0923476
0 0.0950936 0.550184 0.0465194 0.076052
