0 0.19255 0.691808 0.0389246 0.0598685
0 0.661404 0.656234 0.0669345 0.0606554
0 0.213557 0.848547 0.0592514 0.0808917
0 0.386542 0.456848 0.0252812 0.0256431
0 0.481728 0.709436 0.0554491 0.0790861
0 0.456055 0.648344 0.0247353 0.0653971
0 0.573606 0.52044 0.0608084 0.0960933
0 0.930569 0.908079 0.0299687 0.0413316
0 0.594 0.375809 0.0507303 0.0910939
0 0.535878 0.898474 0.0291126 0.0739028
0 0.820349 0.726903 0.0773733 0.123639
0 0.0922648 0.56874 0.0358909 0.0703969
0 0.745618 0.630877 0.0358772 0.0648993
0 0.402838 0.390908 0.0283597 0.0352412
0 0.600892 0.414969 0.0426452 0.11149
0 0.123752 0.728686 0.0363329 0.0944747
0 0.607405 0.436254 0.0344875 0.0736792
0 0.73932 0.633747 0.0331424 0.0690532
0 0.809995 0.705415 0.0680839 0.0812846
