0 0.916563 0.89288 0.0416732 0.0616932
0 0.193661 0.6828 0.0460038 0.0698204
0 0.669407 0.52167 0.0422456 0.0791211
0 0.549412 0.489798 0.0417581 0.0690586
0 0.582221 0.397543 0.0233176 0.0758496
0 0.621117 0.625256 0.0390922 0.0486456
0 0.148616 0.427889 0.0211231 0.0431545
0 0.639505 0.256101 0.0196817 0.0462134
0 0.506614 0.216619 0.0225229 0.048967
0 0.824079 0.737924 0.062295 0.0896888
0 0.10899 0.758241 0.0240493 0.018672
0 0.83102 0.746301 0.0603683 0.0942624
0 0.474915 0.67657 0.0659316 0.110867
0 0.471207 0.666753 0.0542145 0.088614
0 0.492498 0.743317 0.0781597 0.0824349
0 0.627357 0.628559 0.0472696 0.0583481
0 0.485664 0.732762 0.0893005 0.116385
0 0.0726018 0.507558 0.0239789 0.019356
