0 0.11461 0.764287 0.0320918 0.0302998
0 0.654021 0.481058 0.0386846 0.0615236
0 0.732508 0.589328 0.0625746 0.0829078
0 0.547056 0.481955 0.0373299 0.0758554
0 0.18583 0.666866 0.0341288 0.0520229
0 0.834652 0.760147 0.0512266 0.0842663
0 0.647724 0.203496 0.0207816 0.0592219
0 0.905233 0.882847 0.0375556 0.055032
0 0.150815 0.420161 0.0273688 0.0465786
0 0.024127 0.620236 0.0328249 0.0629249
0 0.075621 0.507008 0.0337262 0.0242271
0 0.540934 0.282414 0.026581 0.0474168
0 0.389751 0.456269 0.0246498 0.0214359
0 0.103279 0.473405 0.032288 0.0462414
0 0.506259 0.225845 0.0230492 0.0411115
0 0.430436 0.644895 0.0929437 0.125593
0 0.504502 0.739319 0.0502372 0.115954
0 0.426983 0.630123 0.0793387 0.0944214
0 0.610561 0.610492 0.0208709 0.0291593
0 0.307989 0.146656 0.0268148 0.0414858
0 0.839714 0.767335 0.0413848 0.0737741
0 0.435437 0.651162 0.0706316 0.104825
0 0.498174 0.721449 0.0424943 0.104854
