0 0.482539 0.709563 0.0524688 0.065231
0 0.191338 0.693529 0.0379333 0.0605087
0 0.139087 0.453525 0.0199402 0.0439492
0 0.666046 0.659527 0.0675788 0.0584278
0 0.53898 0.917077 0.0276403 0.0797576
0 0.215222 0.850267 0.0568033 0.080929
0 0.574079 0.52274 0.0632946 0.0968026
0 0.930709 0.908557 0.0276146 0.0377166
0 0.387658 0.453581 0.0264325 0.0226132
0 0.593007 0.375426 0.0511248 0.0974741
0 0.820931 0.727274 0.0793301 0.123519
0 0.746019 0.631817 0.0354216 0.0725667
0 0.608166 0.431732 0.041365 0.0776048
0 0.5982 0.412551 0.0586159 0.122615
0 0.129088 0.728455 0.0395531 0.0958433
0 0.8114 0.704217 0.0767744 0.0793556
0 0.540525 0.926545 0.0252261 0.064353
0 0.685983 0.650885 0.10403 0.0792677
0 0.827433 0.743155 0.0614517 0.0894558
0 0.738304 0.632634 0.0325724 0.0802524
