0 0.114167 0.76234 0.03247 0.029837
0 0.608268 0.607703 0.0322497 0.0427781
0 0.185456 0.666757 0.0358253 0.0564537
0 0.5426 0.475024 0.0410089 0.0807716
0 0.832625 0.755417 0.0546628 0.0886581
0 0.654745 0.480251 0.0364926 0.0627043
0 0.644811 0.161742 0.0240388 0.0733266
0 0.0848646 0.500219 0.044053 0.042789
0 0.150666 0.421335 0.0263308 0.0508886
0 0.430577 0.647799 0.0790651 0.098907
0 0.907066 0.885648 0.0329188 0.05127
0 0.0243442 0.620564 0.0338354 0.0652142
0 0.506467 0.224612 0.0227574 0.0474541
0 0.541097 0.283337 0.020247 0.0412849
0 0.0921112 0.483821 0.0548035 0.0636234
0 0.526783 0.818635 0.0577328 0.118244
0 0.522795 0.800599 0.0730675 0.134634
0 0.838541 0.767009 0.0431633 0.0726659
0 0.532007 0.833908 0.0450058 0.0954728
0 0.497022 0.720902 0.0409123 0.0979235
