0 0.230481 0.945471 0.028482 0.0591099
0 0.545973 0.483025 0.0346974 0.0754134
0 0.541414 0.292902 0.0218558 0.0516891
0 0.734591 0.589862 0.0687411 0.0888658
0 0.0932361 0.482723 0.0630508 0.0779284
0 0.902618 0.871531 0.0306344 0.0337691
0 0.392546 0.454272 0.0263325 0.0193406
0 0.652594 0.476679 0.0368059 0.062659
0 0.31309 0.165289 0.0483799 0.0997967
0 0.845357 0.774243 0.035295 0.0717541
0 0.503284 0.73095 0.0378599 0.0827433
0 0.421415 0.634155 0.0850238 0.124122
0 0.804067 0.71311 0.025206 0.0345
0 0.026632 0.636194 0.0355049 0.0937663
0 0.125865 0.769822 0.0318433 0.0270486
0 0.512017 0.752807 0.0348575 0.0827341
0 0.183855 0.662775 0.0296174 0.0437169
0 0.0251659 0.278156 0.035561 0.0569259
0 0.646904 0.20027 0.0209424 0.0393274
0 0.152623 0.41159 0.0287785 0.0421232
0 0.432403 0.648239 0.0661784 0.0987995
0 0.350824 0.267832 0.0208259 0.0370852
0 0.367434 0.724839 0.0207602 0.0221506
0 0.314988 0.174974 0.0408627 0.0800245
