0 0.191247 0.685484 0.0383294 0.0625719
0 0.477484 0.700802 0.0385951 0.0507309
0 0.833936 0.760276 0.0466 0.050554
0 0.671691 0.661337 0.0521727 0.0425892
0 0.215179 0.842904 0.0583726 0.0850797
0 0.802986 0.686019 0.0606774 0.0661151
0 0.583238 0.370609 0.0288286 0.0894229
0 0.58806 0.517541 0.0977757 0.135519
0 0.579174 0.520881 0.0740001 0.12263
0 0.74711 0.624969 0.0357189 0.0640322
0 0.931385 0.90577 0.0269229 0.0395962
0 0.392449 0.443314 0.0269828 0.0220981
0 0.604427 0.437709 0.0384175 0.0975137
0 0.606009 0.45985 0.0470171 0.121783
0 0.128309 0.723482 0.0351219 0.088871
0 0.595072 0.493582 0.0896115 0.140001
