0 0.837491 0.758424 0.0428693 0.0461349
0 0.455505 0.822689 0.0367581 0.0340099
0 0.18987 0.68426 0.039296 0.070621
0 0.673417 0.66103 0.0507295 0.0417397
0 0.212754 0.844847 0.0591834 0.0838401
0 0.803551 0.686368 0.0552285 0.0596694
0 0.576241 0.369734 0.0605489 0.0881962
0 0.568974 0.281692 0.0357389 0.068701
0 0.571172 0.482235 0.0546622 0.0933009
0 0.450212 0.648557 0.0294314 0.0337744
0 0.748365 0.627633 0.0343163 0.0581652
0 0.609899 0.444524 0.0344894 0.0860653
0 0.394802 0.442606 0.0301898 0.0231259
0 0.568734 0.492888 0.0458863 0.0863912
0 0.932593 0.900132 0.0282215 0.0430918
0 0.606843 0.462432 0.0580695 0.117772
0 0.129645 0.7226 0.0345329 0.0876553
0 0.186118 0.687028 0.0489627 0.0873367
