0 0.192711 0.682383 0.0379349 0.0649021
0 0.837297 0.760725 0.0452285 0.0499301
0 0.672325 0.65867 0.0529001 0.0454859
0 0.214917 0.842911 0.0600706 0.088253
0 0.364349 0.557496 0.0269956 0.0882826
0 0.803687 0.685842 0.0567725 0.0615683
0 0.578498 0.367792 0.0577168 0.0883892
0 0.568974 0.497027 0.055968 0.0803927
0 0.0856078 0.608322 0.0239974 0.0656655
0 0.390865 0.44252 0.0287577 0.0242714
0 0.608658 0.437963 0.0357918 0.0904949
0 0.93269 0.902155 0.0288248 0.042814
0 0.609386 0.460082 0.0492201 0.120414
0 0.128981 0.722381 0.0355363 0.0876126
0 0.744117 0.630727 0.0275111 0.0612147
0 0.74758 0.62631 0.0328221 0.0608315
