0 0.190137 0.680805 0.0381907 0.0672143
0 0.838537 0.754482 0.0386008 0.0466629
0 0.560821 0.0474633 0.074779 0.0392532
0 0.125236 0.822623 0.0588719 0.0480098
0 0.672162 0.652202 0.0536091 0.0466964
0 0.802964 0.682816 0.0554986 0.0606501
0 0.572902 0.481382 0.0605657 0.0498022
0 0.213753 0.847957 0.054553 0.0818415
0 0.934272 0.891278 0.0317338 0.0486619
0 0.481834 0.725641 0.057301 0.0557021
0 0.588506 0.371144 0.0703199 0.113968
0 0.588134 0.352625 0.0675941 0.0817243
0 0.619533 0.472329 0.0500852 0.0941377
0 0.585725 0.383225 0.0571119 0.126042
0 0.746945 0.621812 0.0348969 0.0620613
0 0.571019 0.469397 0.0564649 0.0709701
0 0.185467 0.683124 0.049724 0.0845315
0 0.399653 0.441295 0.027053 0.0267383
