0 0.833539 0.764241 0.0482306 0.0524663
0 0.190225 0.687776 0.0421141 0.066607
0 0.802656 0.68788 0.0573595 0.0611037
0 0.669098 0.659866 0.0608315 0.0527362
0 0.483929 0.708731 0.0468693 0.062557
0 0.199795 0.89953 0.0403683 0.0589421
0 0.214426 0.846746 0.0569854 0.0871521
0 0.583527 0.519321 0.0953501 0.127752
0 0.585541 0.371612 0.0396714 0.097736
0 0.392728 0.444969 0.0272197 0.0205753
0 0.441942 0.626452 0.0261428 0.0693021
0 0.209584 0.85889 0.0625689 0.117427
0 0.201977 0.885699 0.0529138 0.103001
0 0.576818 0.520472 0.0690682 0.113994
0 0.0909713 0.577833 0.0332102 0.0739498
0 0.746339 0.632163 0.032588 0.0596071
0 0.598862 0.426831 0.0538206 0.119752
0 0.589382 0.385098 0.0530505 0.131444
0 0.605724 0.451785 0.0476494 0.114727
0 0.580644 0.358332 0.0279776 0.0730004
0 0.596154 0.371303 0.063334 0.106804
0 0.931252 0.907203 0.0260359 0.0351307
0 0.129166 0.728494 0.0345383 0.091558
