0 0.48694 0.717099 0.0459407 0.0607424
0 0.192063 0.694455 0.0405909 0.0648646
0 0.658 0.656006 0.0697432 0.0631421
0 0.121061 0.501471 0.0487524 0.0914732
0 0.572073 0.518856 0.0594172 0.0936073
0 0.387198 0.458418 0.0250606 0.0236272
0 0.210949 0.847849 0.0609928 0.0858202
0 0.930962 0.909475 0.0278718 0.0387971
0 0.592672 0.373869 0.0478332 0.0920377
0 0.403244 0.391885 0.0297158 0.0331738
0 0.744244 0.628561 0.0410798 0.0659356
0 0.820879 0.728668 0.0824169 0.126421
0 0.124356 0.732326 0.0369547 0.0993214
0 0.606881 0.436351 0.0339358 0.0690854
0 0.600037 0.42137 0.0427574 0.100941
0 0.196245 0.844172 0.091009 0.0949974
