0 0.112838 0.76231 0.0302156 0.0280621
0 0.546362 0.482663 0.0403879 0.0778207
0 0.73262 0.590008 0.0645833 0.0851178
0 0.834246 0.75807 0.0515106 0.0851448
0 0.185894 0.668433 0.0351695 0.0577035
0 0.647799 0.201472 0.0214288 0.0574574
0 0.655535 0.482671 0.0367241 0.0644624
0 0.905054 0.881925 0.0372621 0.056793
0 0.389925 0.456031 0.026222 0.0208329
0 0.40621 0.605628 0.0365617 0.0462376
0 0.150143 0.420779 0.0258158 0.0471239
0 0.0800851 0.504676 0.0423575 0.0288453
0 0.541163 0.279786 0.0244601 0.040431
0 0.610946 0.610705 0.0227509 0.0325397
0 0.504612 0.739556 0.0489508 0.115134
0 0.0239458 0.624937 0.0336042 0.0739129
0 0.449805 0.669123 0.0512298 0.0758159
0 0.0950807 0.47843 0.0467108 0.049462
0 0.542537 0.28149 0.0183597 0.0396622
0 0.505441 0.224674 0.0249509 0.0439412
0 0.838911 0.767152 0.0430551 0.0742666
0 0.0879126 0.490435 0.0523953 0.0604398
0 0.495131 0.713319 0.0443091 0.1162
