0 0.832888 0.761324 0.0500207 0.048562
0 0.190605 0.688764 0.0431943 0.0670071
0 0.803803 0.688428 0.055455 0.0610049
0 0.666549 0.657139 0.0551306 0.0497404
0 0.481639 0.705843 0.043758 0.0634958
0 0.215123 0.847883 0.0590087 0.0894809
0 0.582199 0.368885 0.0326191 0.0918728
0 0.391906 0.445739 0.0271253 0.0204253
0 0.200722 0.90024 0.0386911 0.0596602
0 0.930712 0.904962 0.0282685 0.0433018
0 0.20982 0.858033 0.0628799 0.11619
0 0.746072 0.628348 0.0335243 0.0691928
0 0.583953 0.521658 0.0965822 0.129495
0 0.580488 0.532362 0.0755374 0.104622
0 0.204455 0.882275 0.0551477 0.112223
0 0.0862139 0.605996 0.0252372 0.0787896
0 0.571435 0.508301 0.0577843 0.0857396
0 0.440657 0.62688 0.0279357 0.0688798
0 0.604308 0.437661 0.0412669 0.0957355
0 0.609054 0.45067 0.0381634 0.0961971
0 0.552704 0.951235 0.018036 0.0303979
0 0.585566 0.372112 0.0418298 0.102716
0 0.737125 0.630345 0.0282111 0.0772841
0 0.579877 0.357254 0.0267481 0.0713875
0 0.587461 0.548696 0.0591886 0.0798148
0 0.129109 0.726743 0.0348113 0.0912062
