0 0.48266 0.709797 0.0523968 0.0646174
0 0.541883 0.917062 0.0268629 0.0630612
0 0.666547 0.660425 0.0672687 0.0567057
0 0.192306 0.691877 0.0361021 0.0543623
0 0.389236 0.452567 0.0281101 0.0224158
0 0.215479 0.848148 0.0563763 0.0864761
0 0.574655 0.523343 0.0652366 0.0981694
0 0.592542 0.376069 0.0484964 0.0955136
0 0.931768 0.908596 0.0272022 0.0339915
0 0.821097 0.726681 0.0810556 0.12436
0 0.746074 0.630367 0.0374652 0.0702515
0 0.595597 0.411553 0.0554537 0.120166
0 0.124494 0.727944 0.0365695 0.0975608
0 0.605647 0.431225 0.0411913 0.080029
0 0.740446 0.632999 0.03344 0.0695255
