0 0.546502 0.487216 0.0303832 0.0617828
0 0.653077 0.479465 0.0395932 0.0595512
0 0.734148 0.588766 0.0675859 0.0869918
0 0.223109 0.926102 0.0381103 0.0913072
0 0.0939426 0.479589 0.0648001 0.0749356
0 0.541974 0.292262 0.0224553 0.0540003
0 0.121877 0.76927 0.0311052 0.0293343
0 0.321963 0.187113 0.0470671 0.0923579
0 0.392764 0.454166 0.0253459 0.0185599
0 0.845964 0.773451 0.0353264 0.074295
0 0.903861 0.871769 0.0310884 0.0343231
0 0.506399 0.733601 0.039798 0.094902
0 0.183379 0.661043 0.0288943 0.0436407
0 0.801651 0.711578 0.0239375 0.0315359
0 0.0260389 0.631379 0.0325699 0.0895143
0 0.424722 0.626676 0.0853566 0.106354
0 0.430112 0.642597 0.0993779 0.1435
0 0.367251 0.72448 0.0214127 0.0224628
0 0.416798 0.610289 0.0714442 0.073424
0 0.309583 0.579085 0.0291464 0.0533599
0 0.507945 0.23091 0.0204613 0.0323889
0 0.0241177 0.280854 0.0362085 0.051685
0 0.442401 0.657618 0.0823433 0.116956
