0 0.54663 0.486147 0.0313454 0.0654162
0 0.651914 0.476792 0.0386446 0.05864
0 0.734477 0.589034 0.0677174 0.0881399
0 0.23097 0.94563 0.0264475 0.0597175
0 0.541257 0.292336 0.0224576 0.0505214
0 0.094897 0.483426 0.0603724 0.0762466
0 0.902093 0.870875 0.0306203 0.0350316
0 0.122856 0.76762 0.0323524 0.0250461
0 0.392352 0.454266 0.0251883 0.0196465
0 0.312993 0.163051 0.0494947 0.100609
0 0.845843 0.77317 0.0386162 0.0776322
0 0.183741 0.660047 0.0307724 0.0412509
0 0.502597 0.735675 0.0372179 0.0884905
0 0.349537 0.264425 0.0271479 0.0460113
0 0.0264007 0.633076 0.0342634 0.0874717
0 0.421729 0.633676 0.0842347 0.123301
0 0.509201 0.747524 0.0362674 0.0881634
0 0.647255 0.200302 0.0204792 0.0463873
0 0.80608 0.714647 0.0268508 0.0345502
0 0.0238627 0.275839 0.0318184 0.041414
0 0.151827 0.415581 0.0276728 0.0422817
0 0.432597 0.647605 0.0661966 0.0977554
0 0.418728 0.612498 0.0722277 0.074028
0 0.315423 0.174288 0.0403568 0.074892
0 0.507609 0.230116 0.0196548 0.0326602
