0 0.916811 0.892201 0.0416195 0.0618111
0 0.194351 0.682903 0.0452704 0.0701244
0 0.673266 0.523037 0.0418315 0.0765758
0 0.550186 0.48976 0.0358777 0.0700508
0 0.620625 0.619801 0.0322025 0.0388607
0 0.581566 0.398743 0.0238198 0.0787727
0 0.63987 0.255434 0.0189486 0.0452245
0 0.109678 0.759049 0.02322 0.0201118
0 0.506434 0.21753 0.0226824 0.0496987
0 0.821268 0.724357 0.0566543 0.0707781
0 0.148627 0.434712 0.0218252 0.0410339
0 0.831372 0.752478 0.0503671 0.0804594
0 0.471367 0.663722 0.0511398 0.0867989
0 0.389101 0.755822 0.0339777 0.0222629
0 0.473238 0.676069 0.0598959 0.116832
0 0.4935 0.741444 0.0768009 0.0825918
0 0.4911 0.728554 0.0844735 0.105374
0 0.0743383 0.506763 0.0292642 0.019829
