0 0.915748 0.892747 0.0426478 0.0628037
0 0.193634 0.684423 0.0459934 0.0718148
0 0.549291 0.48989 0.0390816 0.0695168
0 0.619695 0.619939 0.0337987 0.0415311
0 0.669724 0.521706 0.0444694 0.0811954
0 0.581373 0.396821 0.0251808 0.0815227
0 0.640448 0.247314 0.0232668 0.0541639
0 0.107998 0.759689 0.0236266 0.0198205
0 0.507111 0.213324 0.0234672 0.0568931
0 0.0728188 0.507445 0.0267133 0.0218331
0 0.830326 0.751883 0.0494871 0.0802932
0 0.822381 0.726471 0.0578393 0.0667691
0 0.14819 0.432119 0.0207392 0.0367951
0 0.47436 0.680978 0.0642585 0.109212
0 0.336356 0.246073 0.0249032 0.0391391
0 0.473462 0.669642 0.0532815 0.0882959
0 0.491053 0.742074 0.0809971 0.0859852
0 0.48917 0.7256 0.0882691 0.114791
0 0.381262 0.743315 0.0335048 0.0209346
0 0.542641 0.274419 0.0211244 0.03091
0 0.480168 0.705111 0.0893075 0.147565
0 0.338272 0.247628 0.0312288 0.0467886
