0 0.48334 0.712612 0.0506798 0.068523
0 0.834866 0.768403 0.0495503 0.0532503
0 0.402251 0.391685 0.0300955 0.0335203
0 0.191601 0.694682 0.0408035 0.0688345
0 0.803381 0.695331 0.0574534 0.0638937
0 0.140092 0.449606 0.0245622 0.0421348
0 0.570378 0.518203 0.0547937 0.0916593
0 0.656522 0.655075 0.0685716 0.062726
0 0.386325 0.457003 0.0248141 0.0250468
0 0.21598 0.857576 0.0500727 0.101416
0 0.595012 0.378081 0.0498641 0.0980784
0 0.742413 0.623941 0.0324714 0.0593815
0 0.929152 0.908634 0.0231159 0.0361791
0 0.592724 0.404205 0.0519003 0.107629
0 0.123489 0.730663 0.0348159 0.0942624
