0 0.586112 0.548885 0.035423 0.0411041
0 0.575263 0.822104 0.0385889 0.061412
0 0.483446 0.665518 0.0540984 0.0769806
0 0.137298 0.486829 0.0246609 0.0442047
0 0.177467 0.640965 0.0359099 0.0493221
0 0.881077 0.789383 0.0447357 0.042221
0 0.399343 0.452779 0.0262583 0.025791
0 0.93813 0.888299 0.0417912 0.0642213
0 0.576293 0.477011 0.0305905 0.0322849
0 0.557851 0.173232 0.0260755 0.0560116
0 0.825128 0.705681 0.0288193 0.027601
0 0.683359 0.501432 0.0357487 0.0818689
0 0.769604 0.620556 0.0916662 0.10135
0 0.684465 0.503007 0.0479928 0.0873326
0 0.0786876 0.484439 0.027315 0.0214469
0 0.117253 0.742099 0.0220546 0.0194434
0 0.0366666 0.623274 0.0239427 0.0609711
0 0.323598 0.947305 0.0231993 0.0211215
0 0.127217 0.37059 0.0304324 0.0565857
