0 0.480135 0.707412 0.05546 0.0663333
0 0.542635 0.922776 0.025758 0.0646808
0 0.832857 0.763621 0.0487264 0.0441017
0 0.19134 0.691143 0.0367314 0.0590487
0 0.669317 0.662366 0.0636184 0.0549872
0 0.80422 0.695647 0.0553839 0.0661247
0 0.217564 0.849512 0.0583393 0.088222
0 0.388365 0.453957 0.0270634 0.0234134
0 0.578866 0.524325 0.0882635 0.113042
0 0.592079 0.374996 0.0484216 0.0967239
0 0.746888 0.633765 0.0330217 0.0564848
0 0.931276 0.907795 0.0270435 0.036298
0 0.571938 0.513058 0.0604775 0.0879112
0 0.124204 0.726579 0.0355256 0.095171
0 0.597906 0.415321 0.0527462 0.122229
0 0.607373 0.435603 0.0377623 0.0789304
0 0.221094 0.907713 0.0334168 0.0779805
0 0.220019 0.882779 0.0491366 0.122251
