0 0.833597 0.762652 0.0463216 0.0441127
0 0.125398 0.490766 0.0533492 0.0842005
0 0.188393 0.689036 0.0412848 0.0651014
0 0.481457 0.709168 0.0610505 0.0708218
0 0.802727 0.690721 0.0545586 0.0618346
0 0.531521 0.839135 0.0663389 0.0651476
0 0.669428 0.661918 0.0642145 0.0577635
0 0.215716 0.847228 0.0558435 0.0849028
0 0.391697 0.446851 0.0271582 0.0220817
0 0.20329 0.904843 0.0399457 0.0657611
0 0.431911 0.621978 0.0301274 0.0693185
0 0.929627 0.90281 0.0272259 0.045491
0 0.586041 0.371247 0.0388894 0.0956399
0 0.581372 0.521718 0.0932677 0.120091
0 0.745626 0.627958 0.0366058 0.0638955
0 0.579604 0.530263 0.0731663 0.0991068
0 0.570273 0.508471 0.0576417 0.0816685
0 0.206394 0.886783 0.0527447 0.115584
0 0.59993 0.423877 0.0476371 0.114774
0 0.741492 0.631757 0.0312753 0.0609912
0 0.606793 0.441309 0.0384796 0.0933295
0 0.589782 0.380601 0.0466133 0.119747
0 0.581856 0.358961 0.0304565 0.0737762
0 0.548944 0.943282 0.0201566 0.0302479
0 0.59532 0.371102 0.0596936 0.103963
0 0.128811 0.725325 0.0332393 0.088115
