0 0.836225 0.75834 0.0468941 0.0497873
0 0.190395 0.681937 0.0395174 0.0683168
0 0.396052 0.455512 0.0300609 0.0231329
0 0.215136 0.845119 0.0574813 0.0885506
0 0.80365 0.685862 0.0544789 0.0574976
0 0.676206 0.660143 0.0593374 0.0531542
0 0.475018 0.835818 0.0295801 0.0288746
0 0.586499 0.368577 0.0656564 0.0973371
0 0.569621 0.494464 0.0562427 0.0862668
0 0.747838 0.624122 0.036423 0.0651107
0 0.588372 0.379517 0.0741827 0.128977
0 0.610855 0.463137 0.0486119 0.119555
0 0.932706 0.901338 0.0250926 0.0291238
0 0.185822 0.683683 0.0487513 0.0844922
0 0.688598 0.6546 0.0881164 0.071497
0 0.129722 0.719926 0.0372307 0.0893009
0 0.606642 0.430059 0.0408587 0.108012
0 0.75005 0.630172 0.044848 0.060884
