0 0.415592 0.799163 0.0397365 0.0386114
0 0.638537 0.640636 0.0651444 0.0657023
0 0.201547 0.698683 0.0357589 0.0715218
0 0.557079 0.499939 0.0462639 0.0714508
0 0.509247 0.192814 0.0244794 0.065824
0 0.216549 0.863059 0.0412 0.0721059
0 0.926564 0.907311 0.0247337 0.0436699
0 0.813001 0.716051 0.0510015 0.0553255
0 0.487942 0.734195 0.0740728 0.0864046
0 0.825411 0.759564 0.0560719 0.0495141
0 0.58218 0.380217 0.0245047 0.0941489
0 0.121848 0.73749 0.0301476 0.076817
0 0.818223 0.72667 0.0578256 0.0843294
0 0.623754 0.309761 0.0414041 0.0923733
0 0.583265 0.369447 0.0321667 0.100487
0 0.823793 0.749949 0.0601022 0.0711336
0 0.384629 0.462351 0.0252392 0.0218842
0 0.633141 0.526691 0.0609772 0.0568747
0 0.604353 0.314414 0.0801628 0.102987
