0 0.608372 0.607409 0.0333616 0.044625
0 0.114246 0.762334 0.0323667 0.0266984
0 0.655185 0.482786 0.0357151 0.059027
0 0.834997 0.759474 0.0505757 0.0821295
0 0.54564 0.476461 0.0372579 0.0804962
0 0.644708 0.169691 0.0254142 0.082323
0 0.185867 0.666924 0.034076 0.0559999
0 0.0798158 0.508128 0.038059 0.0280805
0 0.427515 0.647818 0.0691898 0.100839
0 0.906734 0.884261 0.0344291 0.0530893
0 0.541378 0.283719 0.0217459 0.0439025
0 0.149672 0.420997 0.0232726 0.0463287
0 0.505266 0.224921 0.0247686 0.0436567
0 0.0239039 0.617805 0.0313203 0.0620217
0 0.102558 0.472331 0.035731 0.0396918
0 0.533302 0.850857 0.0511519 0.12464
0 0.539875 0.86943 0.0362304 0.0949926
0 0.839239 0.766739 0.0425599 0.0713466
0 0.503435 0.742473 0.059189 0.138113
0 0.529044 0.828601 0.0584717 0.131858
0 0.33999 0.25687 0.0305576 0.0309411
0 0.498926 0.724191 0.0487821 0.109311
