0 0.482276 0.712088 0.0515418 0.0689313
0 0.802451 0.69496 0.054726 0.0613129
0 0.194219 0.696507 0.041489 0.0607324
0 0.834 0.768468 0.051312 0.0546186
0 0.654297 0.654041 0.0661329 0.0626009
0 0.569804 0.52089 0.0556551 0.0940126
0 0.402148 0.390963 0.0281571 0.0349381
0 0.385415 0.457679 0.0265936 0.0260532
0 0.217013 0.850934 0.0548781 0.0868999
0 0.742603 0.623491 0.0369673 0.0675391
0 0.596712 0.376853 0.0547395 0.0942947
0 0.222961 0.91284 0.0348842 0.0679713
0 0.123716 0.731522 0.0353945 0.0934802
0 0.599367 0.408027 0.0396819 0.0984447
0 0.220164 0.882266 0.0501436 0.120432
0 0.127262 0.740354 0.037337 0.0773008
0 0.928704 0.9087 0.0227046 0.0336194
