0 0.415068 0.798609 0.042392 0.0412419
0 0.200691 0.697951 0.0403754 0.0708604
0 0.639077 0.641605 0.0670042 0.0662162
0 0.558468 0.497755 0.0470062 0.0760574
0 0.928486 0.907502 0.0273013 0.0488039
0 0.811629 0.710786 0.0515072 0.0514457
0 0.827269 0.761786 0.0536765 0.0494548
0 0.50908 0.189322 0.0266843 0.069196
0 0.0119362 0.355343 0.0222966 0.052083
0 0.487484 0.734046 0.0721531 0.083508
0 0.218862 0.86608 0.0388949 0.060491
0 0.581939 0.377931 0.0238795 0.0895737
0 0.121415 0.736273 0.030051 0.0827481
0 0.582264 0.368308 0.0297594 0.0991833
0 0.624568 0.314601 0.0457863 0.103699
0 0.612316 0.317668 0.0678811 0.09994
0 0.384204 0.462813 0.0236504 0.0229748
0 0.818045 0.725955 0.0574763 0.0912294
0 0.211645 0.857968 0.0306271 0.074653
