0 0.66401 0.664014 0.0633154 0.0531245
0 0.774715 0.680189 0.0829947 0.060239
0 0.191614 0.85347 0.0802324 0.0931126
0 0.60458 0.526711 0.10519 0.068516
0 0.0837258 0.599643 0.0353189 0.101844
0 0.776692 0.743129 0.0839629 0.0342205
0 0.378455 0.459683 0.0286831 0.0239792
0 0.122608 0.745465 0.0321068 0.0924025
0 0.589961 0.371499 0.0453169 0.0788413
0 0.593621 0.387652 0.0476385 0.114865
0 0.601151 0.401017 0.0301106 0.0804832
0 0.373611 0.378998 0.0630609 0.0274732
0 0.0811969 0.614094 0.0278798 0.0723264
0 0.475017 0.939959 0.0229485 0.0358374
