0 0.833822 0.767265 0.0476205 0.0474986
0 0.802575 0.697053 0.0554729 0.0624189
0 0.485302 0.712843 0.0528982 0.0718725
0 0.399738 0.382331 0.0268948 0.0289128
0 0.5706 0.514692 0.0527782 0.0808036
0 0.197288 0.691788 0.0309403 0.0700488
0 0.651308 0.65265 0.0644467 0.0626999
0 0.215765 0.850516 0.0533668 0.0825466
0 0.385818 0.457712 0.0254093 0.0254757
0 0.74254 0.628754 0.0318105 0.0586475
0 0.594962 0.374944 0.0515966 0.0935999
0 0.123458 0.730122 0.0358707 0.0967056
0 0.92955 0.912705 0.0234172 0.0377139
0 0.598162 0.409993 0.040819 0.0987539
0 0.60471 0.429841 0.0331672 0.0645125
0 0.127077 0.740371 0.0368738 0.0730485
