0 0.632572 0.641639 0.0405897 0.0389738
0 0.201455 0.701589 0.0260189 0.0610235
0 0.321274 0.497424 0.0424255 0.0888718
0 0.508198 0.189247 0.0297117 0.0751726
0 0.211402 0.858198 0.0534828 0.0955377
0 0.571952 0.372204 0.0325799 0.0973331
0 0.796978 0.717162 0.0698086 0.0817959
0 0.118257 0.744918 0.027144 0.0894105
0 0.543483 0.501109 0.0306573 0.0642207
0 0.61326 0.511003 0.0843012 0.107625
0 0.920779 0.917961 0.0241609 0.0356358
0 0.212934 0.871572 0.045503 0.106653
0 0.631218 0.510409 0.109928 0.104207
0 0.6438 0.520012 0.0969801 0.100592
