0 0.191214 0.680908 0.038985 0.0664065
0 0.838548 0.75638 0.0418005 0.0496743
0 0.569804 0.0446875 0.0595779 0.049979
0 0.56386 0.227083 0.0482662 0.0275242
0 0.669883 0.656765 0.0482385 0.0440209
0 0.715463 0.558993 0.0761819 0.0681397
0 0.803795 0.685405 0.054759 0.0596454
0 0.214934 0.845106 0.0546014 0.0852084
0 0.397611 0.446124 0.0259502 0.022914
0 0.589072 0.368242 0.0696418 0.102149
0 0.574126 0.493317 0.0614409 0.0748636
0 0.138607 0.443102 0.0191193 0.0368174
0 0.616395 0.480106 0.0613167 0.107326
0 0.630215 0.489389 0.0346715 0.0767491
0 0.186685 0.683086 0.0479634 0.0829384
0 0.128599 0.719019 0.035431 0.0859506
