0 0.184583 0.664532 0.0345731 0.0498854
0 0.113904 0.762728 0.03295 0.0283811
0 0.546701 0.477878 0.0363767 0.0808855
0 0.654045 0.478261 0.0385745 0.0620898
0 0.645554 0.174677 0.0234656 0.0806857
0 0.729361 0.584334 0.0601127 0.0775501
0 0.609762 0.608953 0.0273952 0.0381918
0 0.904889 0.883044 0.0360382 0.0555193
0 0.554841 0.929074 0.0254163 0.0588765
0 0.827909 0.752122 0.0643575 0.097285
0 0.390111 0.452046 0.0289469 0.0225204
0 0.151334 0.422097 0.028044 0.052605
0 0.0847398 0.501059 0.0435384 0.0393207
0 0.434569 0.647782 0.0919023 0.106437
0 0.0923383 0.481969 0.0537634 0.0604948
0 0.541246 0.283638 0.0210483 0.0412183
0 0.506205 0.225201 0.0244372 0.0450118
0 0.0248437 0.619432 0.0325491 0.0633836
0 0.497519 0.735777 0.0694648 0.113945
0 0.430359 0.637696 0.0811579 0.0838575
0 0.577804 0.392366 0.0212963 0.0465274
