0 0.635491 0.645775 0.0368013 0.0386519
0 0.571498 0.369832 0.0303698 0.0892619
0 0.201876 0.702165 0.0225539 0.062032
0 0.509553 0.182556 0.0272326 0.0709592
0 0.322428 0.492019 0.0437528 0.0925766
0 0.117647 0.745273 0.0289748 0.0955989
0 0.210155 0.864098 0.0587864 0.116135
0 0.616226 0.513152 0.0872173 0.102495
0 0.778697 0.71286 0.0877569 0.0802883
0 0.211117 0.877654 0.0499976 0.118374
0 0.62859 0.520282 0.11929 0.109241
0 0.214053 0.896479 0.0349846 0.0720692
0 0.116447 0.731019 0.0245153 0.0709455
