0 0.113768 0.762033 0.031839 0.0282578
0 0.607122 0.606751 0.034039 0.0433182
0 0.83393 0.760041 0.0528145 0.0799284
0 0.185756 0.668969 0.0358172 0.0608997
0 0.654498 0.480004 0.0356598 0.0623568
0 0.904614 0.88377 0.0386115 0.0580279
0 0.0791369 0.506495 0.0359093 0.0257225
0 0.543491 0.471025 0.0353167 0.0823128
0 0.645347 0.158324 0.0206932 0.04961
0 0.428442 0.646201 0.0655583 0.0839326
0 0.0243554 0.616491 0.0301629 0.0564873
0 0.150714 0.420895 0.0266827 0.046975
0 0.542002 0.283859 0.020027 0.042956
0 0.505388 0.227334 0.0244092 0.0422825
0 0.109794 0.465809 0.0243375 0.0394779
0 0.513465 0.78164 0.0610355 0.104136
0 0.506253 0.747318 0.0611545 0.129715
0 0.838796 0.766756 0.0434675 0.0721436
0 0.511384 0.764516 0.0657709 0.130148
0 0.52024 0.802006 0.0463836 0.0729127
0 0.497647 0.730333 0.0449019 0.094959
