0 0.420811 0.805997 0.0447688 0.0418007
0 0.641197 0.642165 0.0636702 0.0650284
0 0.927998 0.908307 0.0333576 0.0515133
0 0.199233 0.694887 0.0377813 0.07354
0 0.559939 0.497085 0.0455582 0.0763969
0 0.508681 0.190244 0.0246117 0.0664931
0 0.493074 0.736967 0.0710335 0.0802348
0 0.0225829 0.39681 0.0416587 0.0915488
0 0.828942 0.761619 0.0593882 0.0596857
0 0.219576 0.863164 0.0411997 0.0664165
0 0.815294 0.714201 0.0493319 0.0539203
0 0.120865 0.733341 0.030953 0.076991
0 0.582469 0.376028 0.0220926 0.0893825
0 0.583125 0.364243 0.0319777 0.0976117
0 0.614303 0.334951 0.0559287 0.110207
0 0.0194385 0.387333 0.0351927 0.0742408
0 0.620926 0.326732 0.0474527 0.0942842
