0 0.838983 0.756284 0.0394919 0.0459771
0 0.564074 0.0485066 0.068881 0.0441808
0 0.189171 0.679566 0.041127 0.0693616
0 0.119716 0.496304 0.050682 0.0801346
0 0.671827 0.65313 0.0503649 0.0436327
0 0.213142 0.843595 0.0569491 0.0854256
0 0.802133 0.68129 0.0567907 0.0601544
0 0.74945 0.59822 0.0642841 0.0684333
0 0.57455 0.485337 0.0593812 0.0604329
0 0.590335 0.370103 0.0733232 0.110282
0 0.932958 0.893609 0.0276473 0.0420232
0 0.589848 0.353333 0.0709938 0.0846148
0 0.186034 0.680195 0.0490226 0.0845321
0 0.61606 0.468885 0.0556633 0.0941143
0 0.123401 0.720124 0.0340412 0.0888234
