0 0.628677 0.636077 0.0422122 0.0455668
0 0.200479 0.700806 0.0307921 0.0627511
0 0.320853 0.49772 0.0449576 0.0871468
0 0.508079 0.192262 0.0284308 0.0707474
0 0.920016 0.913029 0.0301843 0.0403121
0 0.211933 0.856506 0.0461001 0.0844927
0 0.572694 0.373365 0.0325336 0.0960411
0 0.800353 0.718372 0.0676786 0.0846932
0 0.117455 0.744751 0.0243729 0.0815963
0 0.54267 0.497468 0.0363851 0.0739576
0 0.612289 0.506083 0.0799451 0.101807
0 0.647127 0.519935 0.0922747 0.0954564
0 0.631819 0.509963 0.1125 0.101621
