0 0.835343 0.761356 0.0445631 0.0489872
0 0.191889 0.685829 0.0358984 0.0625845
0 0.214535 0.842071 0.0621566 0.0865152
0 0.473676 0.692719 0.0323658 0.0376081
0 0.674498 0.662781 0.0578623 0.0488091
0 0.804806 0.688168 0.0578747 0.0596402
0 0.58233 0.369338 0.0275807 0.0872047
0 0.472206 0.891149 0.0274093 0.056468
0 0.390638 0.442515 0.0284962 0.0240704
0 0.57638 0.515406 0.0687433 0.120719
0 0.933087 0.905409 0.0276923 0.035727
0 0.605884 0.440754 0.0358558 0.093284
0 0.589105 0.533257 0.0836225 0.117999
0 0.597413 0.551389 0.0666664 0.0804985
0 0.128461 0.720416 0.0337375 0.0876545
0 0.60445 0.464577 0.0537865 0.124657
0 0.574102 0.502266 0.059482 0.0945358
0 0.748275 0.630882 0.032666 0.0501127
0 0.586804 0.51518 0.102623 0.138746
