0 0.113793 0.763028 0.0317306 0.0287814
0 0.606193 0.606252 0.0368629 0.0438235
0 0.421687 0.63106 0.0461276 0.0583093
0 0.653404 0.476009 0.0373933 0.0602701
0 0.833986 0.75967 0.049701 0.0823537
0 0.543139 0.472431 0.0334373 0.0772095
0 0.186586 0.667898 0.0345029 0.0541077
0 0.644833 0.158062 0.0231419 0.052642
0 0.0783536 0.508393 0.036639 0.0217015
0 0.90597 0.888101 0.0367731 0.0576401
0 0.541263 0.284757 0.0208664 0.0446807
0 0.150377 0.422166 0.0251583 0.0485728
0 0.0242676 0.620157 0.0317718 0.0624142
0 0.503074 0.746732 0.0582185 0.120909
0 0.505759 0.226194 0.0233791 0.0428604
0 0.104923 0.471273 0.0257339 0.0392169
0 0.335944 0.240436 0.0185012 0.025193
0 0.497706 0.732416 0.0484722 0.0950255
0 0.506374 0.773198 0.0559264 0.0897068
0 0.83866 0.767991 0.041281 0.0756831
