0 0.60695 0.606993 0.037259 0.0470335
0 0.836446 0.760905 0.0452259 0.0777246
0 0.112756 0.760701 0.0300611 0.0249815
0 0.419363 0.631984 0.0410763 0.0578589
0 0.186568 0.667914 0.0359236 0.056514
0 0.654804 0.4789 0.0355868 0.064702
0 0.542032 0.470192 0.0349375 0.0813251
0 0.644804 0.155804 0.0213169 0.0478564
0 0.0801882 0.509315 0.0322748 0.0243663
0 0.906848 0.88735 0.0335448 0.0556363
0 0.541384 0.285949 0.0199757 0.0415475
0 0.0249506 0.616308 0.0329636 0.0641909
0 0.506118 0.2256 0.024237 0.044514
0 0.502169 0.746207 0.0604451 0.127981
0 0.102055 0.472261 0.0355684 0.043761
0 0.150254 0.420868 0.0240117 0.0410671
0 0.337418 0.242028 0.0240724 0.042582
0 0.496601 0.730952 0.0505095 0.100787
0 0.540436 0.283717 0.0262896 0.0452302
0 0.506214 0.77036 0.0577374 0.0928991
