0 0.190532 0.68853 0.0373114 0.0632813
0 0.833925 0.760384 0.0465423 0.0489312
0 0.478379 0.698908 0.0427605 0.0502011
0 0.214573 0.843373 0.0595649 0.0823736
0 0.67087 0.658791 0.0545623 0.0481124
0 0.802146 0.687303 0.0609249 0.0627069
0 0.582151 0.368826 0.0274856 0.0870818
0 0.594092 0.525705 0.0994053 0.139529
0 0.606686 0.437198 0.0339763 0.0966467
0 0.746569 0.624889 0.0340217 0.0589632
0 0.742427 0.629081 0.0297441 0.0567527
0 0.392281 0.444377 0.0265334 0.0205815
0 0.931192 0.904703 0.0261737 0.0392365
0 0.610905 0.450564 0.0341495 0.0969129
0 0.459019 0.854028 0.0177082 0.0346498
0 0.597541 0.554776 0.0852396 0.0938079
0 0.575528 0.506973 0.0676039 0.0981765
0 0.128878 0.723409 0.0356966 0.0891848
0 0.59615 0.493462 0.0862021 0.132526
0 0.830843 0.754961 0.0506452 0.0641754
