0 0.414798 0.798757 0.0407195 0.0376024
0 0.200876 0.696694 0.0403905 0.0714979
0 0.927168 0.908202 0.0317291 0.050107
0 0.639914 0.643362 0.0666834 0.0693359
0 0.509188 0.191565 0.023705 0.0592055
0 0.562251 0.498561 0.0483215 0.072998
0 0.811291 0.713865 0.0497193 0.0567768
0 0.826136 0.758611 0.056324 0.0573659
0 0.217816 0.863996 0.0396439 0.0706956
0 0.4856 0.72975 0.0759189 0.0904505
0 0.121227 0.739693 0.02991 0.0812207
0 0.582666 0.378484 0.0218632 0.0857288
0 0.581807 0.368245 0.0283484 0.096976
0 0.626652 0.310305 0.0384092 0.093816
0 0.818036 0.731094 0.0565178 0.100166
0 0.609857 0.315225 0.0690463 0.0986666
0 0.491879 0.736651 0.05828 0.0748453
0 0.637499 0.530285 0.0546259 0.0582008
0 0.383141 0.462982 0.0250578 0.0228124
0 0.824515 0.748025 0.06071 0.0792065
0 0.146213 0.440937 0.0192754 0.0298139
