0 0.479433 0.702429 0.0472751 0.0563078
0 0.834031 0.762233 0.0483482 0.0506314
0 0.190477 0.686252 0.0380094 0.0652003
0 0.214324 0.844479 0.0587767 0.0844855
0 0.804075 0.688994 0.0562941 0.0596991
0 0.672906 0.66125 0.0604255 0.0550629
0 0.582653 0.369783 0.0273118 0.0873915
0 0.207937 0.918641 0.0244109 0.0302367
0 0.0855124 0.611202 0.0235772 0.0691676
0 0.391853 0.444145 0.0275201 0.0211641
0 0.746936 0.62676 0.0379589 0.0694168
0 0.604753 0.437858 0.0367579 0.0979574
0 0.596761 0.542625 0.0913692 0.116569
0 0.930961 0.906418 0.0286212 0.0418062
0 0.609544 0.452918 0.0348412 0.106519
0 0.572077 0.499849 0.0561317 0.079681
0 0.604612 0.485908 0.0636337 0.117116
