0 0.603813 0.603007 0.0377398 0.043819
0 0.653721 0.480016 0.0385032 0.0612691
0 0.112512 0.756121 0.030572 0.0260153
0 0.83431 0.758744 0.0508862 0.0830715
0 0.186395 0.668269 0.038604 0.0629168
0 0.539843 0.465442 0.0275924 0.0864658
0 0.907078 0.888695 0.034973 0.0562413
0 0.644373 0.156985 0.0216564 0.0535435
0 0.332607 0.231558 0.01917 0.0362486
0 0.0829806 0.503489 0.0442827 0.0365851
0 0.151632 0.42179 0.0265077 0.0513505
0 0.541505 0.283796 0.0197128 0.0399682
0 0.02373 0.62225 0.0331264 0.0670239
0 0.092827 0.480377 0.0526661 0.0610818
0 0.460604 0.679946 0.113171 0.113453
0 0.506145 0.227154 0.0228872 0.0409615
0 0.452853 0.666408 0.099201 0.0945897
0 0.0899985 0.489699 0.0539271 0.0721648
0 0.727122 0.582579 0.0340309 0.0390538
0 0.838024 0.766998 0.0437236 0.0749476
0 0.484091 0.729769 0.0958393 0.129277
