0 0.41585 0.798864 0.0410961 0.0398486
0 0.927693 0.907588 0.0300708 0.0468962
0 0.639389 0.641951 0.0658056 0.0675761
0 0.201006 0.697053 0.0370899 0.0714616
0 0.810951 0.711582 0.0485249 0.0500463
0 0.509696 0.191539 0.0272586 0.0734708
0 0.827255 0.764146 0.0576427 0.0470462
0 0.217048 0.866067 0.0394034 0.0603877
0 0.562044 0.500384 0.0564218 0.0724684
0 0.121841 0.73705 0.030613 0.080832
0 0.484186 0.729847 0.0792486 0.0957744
0 0.582007 0.380323 0.0235872 0.0914472
0 0.574795 0.504289 0.0788028 0.0764279
0 0.581386 0.369043 0.0295492 0.0985476
0 0.622954 0.310987 0.0429866 0.090544
0 0.817016 0.720213 0.0557623 0.0757926
0 0.612317 0.315185 0.0650593 0.0989
0 0.490297 0.73691 0.063318 0.0835633
0 0.824803 0.755833 0.0615928 0.0650437
0 0.632872 0.526561 0.0571291 0.0606354
0 0.599739 0.508963 0.117068 0.0886092
