0 0.421126 0.808787 0.0393628 0.0385731
0 0.642136 0.644551 0.063177 0.0662824
0 0.541386 0.858308 0.0491982 0.0779797
0 0.804705 0.703349 0.0564232 0.0579965
0 0.200452 0.696612 0.0345691 0.068733
0 0.563492 0.50173 0.0489348 0.0708969
0 0.830372 0.768834 0.0577154 0.0546198
0 0.928932 0.908871 0.0280397 0.0490198
0 0.488689 0.73744 0.0634754 0.07221
0 0.219941 0.862966 0.0407781 0.0637747
0 0.12087 0.738414 0.0315325 0.0872675
0 0.511534 0.159206 0.0293808 0.0550998
0 0.588211 0.366279 0.0438701 0.0981337
0 0.213906 0.857196 0.0378738 0.085753
0 0.383945 0.462853 0.0268445 0.0227929
0 0.582976 0.375302 0.0278804 0.0972321
0 0.606577 0.350898 0.042243 0.088811
0 0.6055 0.361037 0.0531434 0.108965
