0 0.122319 0.768906 0.035602 0.0304109
0 0.546815 0.484721 0.0324991 0.0707395
0 0.542036 0.29222 0.0220082 0.0496529
0 0.73592 0.592871 0.0668364 0.0885818
0 0.221696 0.922058 0.0359285 0.0894911
0 0.323341 0.192777 0.0475376 0.0989554
0 0.392822 0.454143 0.0261341 0.0192542
0 0.652428 0.48068 0.0404673 0.0561633
0 0.0928212 0.482169 0.0611093 0.0754868
0 0.184307 0.661913 0.0313035 0.0421488
0 0.903179 0.873515 0.0324215 0.0403968
0 0.84624 0.777544 0.0355129 0.0649824
0 0.511268 0.744583 0.0346439 0.0846778
0 0.0266171 0.633943 0.0348548 0.0947564
0 0.506338 0.733495 0.03409 0.100258
0 0.804477 0.715406 0.0269381 0.039277
0 0.904223 0.873791 0.0367713 0.0524099
0 0.152905 0.413132 0.0298208 0.0451605
0 0.428915 0.630111 0.0844157 0.113746
0 0.0236228 0.278904 0.0338742 0.0479847
0 0.506237 0.226492 0.0222886 0.0423166
0 0.413736 0.606159 0.0685635 0.0740861
0 0.438244 0.644708 0.0929168 0.128987
0 0.367802 0.724854 0.0220599 0.0219498
0 0.445653 0.660015 0.0832793 0.120394
