0 0.917307 0.893766 0.0410856 0.0622308
0 0.67107 0.522598 0.0423739 0.0793263
0 0.195756 0.683586 0.0489587 0.0729963
0 0.549859 0.489317 0.0392759 0.0721122
0 0.820802 0.720107 0.0543742 0.0560277
0 0.582114 0.398733 0.0240633 0.0766064
0 0.618541 0.619213 0.0271723 0.0360863
0 0.638942 0.253452 0.0237603 0.0546417
0 0.833508 0.770817 0.0419285 0.0398799
0 0.506626 0.216256 0.02288 0.0531034
0 0.109245 0.758266 0.0279197 0.0184143
0 0.148359 0.434398 0.0211678 0.0362873
0 0.470155 0.663827 0.0502861 0.0876839
0 0.473884 0.678516 0.0636325 0.120952
0 0.489668 0.725632 0.0888438 0.111709
0 0.0747247 0.507019 0.0299372 0.0201223
0 0.489622 0.739888 0.0802699 0.0838881
0 0.481968 0.707745 0.0899545 0.144663
