0 0.857025 0.771575 0.0672034 0.0454693
0 0.142708 0.448028 0.0382741 0.0513759
0 0.190617 0.677732 0.0390887 0.0710707
0 0.579985 0.50881 0.0581701 0.069968
0 0.211396 0.83963 0.0554305 0.0794451
0 0.560889 0.805918 0.0355445 0.0576404
0 0.623774 0.354618 0.0771725 0.0796916
0 0.530905 0.0559866 0.1006 0.0432108
0 0.486257 0.688418 0.0474508 0.0622537
0 0.0622575 0.328879 0.0444282 0.103515
0 0.65024 0.52939 0.041193 0.0642447
0 0.393966 0.442815 0.029034 0.0237533
0 0.78874 0.669996 0.0892911 0.10074
0 0.796704 0.679755 0.0674472 0.0679119
0 0.780938 0.65516 0.0913916 0.100964
0 0.769934 0.638326 0.0730044 0.0701799
0 0.123358 0.719769 0.035771 0.0934668
