0 0.791077 0.682907 0.045189 0.0491861
0 0.381924 0.458387 0.0360094 0.0249248
0 0.663761 0.66245 0.0712335 0.0611386
0 0.577504 0.5218 0.057058 0.0621663
0 0.208716 0.857193 0.05429 0.123048
0 0.520426 0.155644 0.0248919 0.0769648
0 0.38891 0.378419 0.0414463 0.0294
0 0.634475 0.529644 0.0488155 0.0601147
0 0.792366 0.754884 0.0935239 0.0363495
0 0.198559 0.702358 0.0229642 0.0417843
0 0.122829 0.73983 0.0341983 0.0982807
0 0.592362 0.370126 0.0474083 0.0961759
0 0.601628 0.411367 0.0382595 0.0987203
0 0.790571 0.748227 0.0912055 0.0419428
0 0.21177 0.870489 0.041285 0.103403
0 0.588495 0.35932 0.039211 0.076342
0 0.594467 0.391901 0.0516312 0.127962
0 0.605317 0.425235 0.0276575 0.0701672
0 0.118865 0.732411 0.0289754 0.0872271
