0 0.484672 0.712127 0.0546011 0.0710709
0 0.803914 0.698554 0.055653 0.0608912
0 0.834186 0.768471 0.0499597 0.0506641
0 0.19816 0.693425 0.0305574 0.0643084
0 0.651286 0.652445 0.0636709 0.0612204
0 0.385989 0.458563 0.0251889 0.0256095
0 0.400275 0.38278 0.0272949 0.0270466
0 0.570078 0.517795 0.0526384 0.0873988
0 0.215365 0.849401 0.0520316 0.0850568
0 0.740667 0.628285 0.0317655 0.0507879
0 0.595619 0.376025 0.0524193 0.0967568
0 0.929056 0.910649 0.0239153 0.0361674
0 0.593568 0.407495 0.0514305 0.108836
0 0.123494 0.729776 0.0354681 0.0972595
0 0.227304 0.927611 0.0200004 0.0365911
0 0.520948 0.180304 0.01815 0.0307484
0 0.60196 0.42635 0.0399349 0.0727761
