0 0.838717 0.756041 0.0411253 0.0465202
0 0.191988 0.680584 0.0361916 0.0694641
0 0.564758 0.0476602 0.0684638 0.0476533
0 0.212253 0.842529 0.0567838 0.0823483
0 0.130408 0.467763 0.0365183 0.0837131
0 0.670813 0.655966 0.0489129 0.0458848
0 0.724706 0.568729 0.0819721 0.0720794
0 0.804478 0.683544 0.0535817 0.0571784
0 0.590564 0.370572 0.073364 0.107817
0 0.932395 0.892017 0.0287809 0.0405533
0 0.57418 0.488804 0.060091 0.0658701
0 0.619639 0.484722 0.0522863 0.097978
0 0.629571 0.489431 0.0347919 0.0772466
0 0.123856 0.721374 0.0349079 0.0889773
