0 0.586066 0.547599 0.0341671 0.0377134
0 0.176653 0.637832 0.0381184 0.0470805
0 0.136367 0.486877 0.0235836 0.0406315
0 0.880767 0.785926 0.0474714 0.0370406
0 0.399952 0.448649 0.0261064 0.0248879
0 0.573928 0.820705 0.0378655 0.0621086
0 0.576675 0.47705 0.0285776 0.0339327
0 0.937555 0.886865 0.0437415 0.0619183
0 0.481251 0.661216 0.0577483 0.0837452
0 0.680615 0.491266 0.0297465 0.062857
0 0.554458 0.150634 0.0211711 0.0551747
0 0.769619 0.617681 0.096184 0.107516
0 0.82422 0.703794 0.0284672 0.025632
0 0.12852 0.374606 0.0385324 0.0808296
0 0.68107 0.495874 0.0364672 0.0760101
0 0.303685 0.380528 0.0192032 0.0238336
0 0.657859 0.387351 0.0310574 0.0383053
0 0.117965 0.741884 0.0229179 0.0204103
0 0.0810349 0.484719 0.0302867 0.0201471
0 0.035079 0.615526 0.0256434 0.0619471
