0 0.632871 0.642284 0.0354388 0.0364175
0 0.510062 0.180471 0.026945 0.0671058
0 0.324166 0.491771 0.0441176 0.0862714
0 0.570761 0.368794 0.0286131 0.0882925
0 0.202649 0.710354 0.0199953 0.0499885
0 0.615385 0.511802 0.0835936 0.103534
0 0.118215 0.748909 0.0269268 0.0928531
0 0.780324 0.711452 0.0809011 0.0763984
0 0.209691 0.865494 0.0592821 0.120676
0 0.211251 0.87974 0.0496407 0.119516
0 0.215407 0.895364 0.0366833 0.0714648
0 0.629752 0.52141 0.115277 0.110123
0 0.663929 0.528011 0.0435748 0.0855906
