0 0.664553 0.665685 0.0625621 0.0507219
0 0.606699 0.52728 0.109085 0.0725095
0 0.191917 0.85466 0.0820721 0.0897064
0 0.378327 0.460864 0.0293926 0.0230165
0 0.12084 0.749004 0.0295914 0.079005
0 0.592789 0.373483 0.0493011 0.082769
0 0.768883 0.672145 0.102468 0.0755188
0 0.777947 0.744053 0.0912585 0.033411
0 0.472541 0.93039 0.0270574 0.0474586
0 0.591872 0.378886 0.0541055 0.113062
0 0.602671 0.400069 0.028254 0.0800086
0 0.122258 0.499301 0.0328018 0.0534874
0 0.367897 0.379793 0.0734694 0.027354
0 0.128924 0.490323 0.0315334 0.0676963
0 0.122942 0.492975 0.0392181 0.0773916
