0 0.418898 0.803919 0.0394978 0.0450435
0 0.641778 0.64417 0.0626819 0.0652108
0 0.928154 0.906144 0.0350727 0.050465
0 0.539151 0.8538 0.0443828 0.0712254
0 0.561704 0.499928 0.0466605 0.0721294
0 0.198383 0.693766 0.0372291 0.0721895
0 0.831384 0.768804 0.0602417 0.0552549
0 0.218215 0.860332 0.04132 0.0709189
0 0.810367 0.706132 0.0523126 0.0607734
0 0.491623 0.740058 0.0648383 0.0782262
0 0.51069 0.164959 0.0291464 0.0680328
0 0.121113 0.735963 0.0328873 0.0848833
0 0.582228 0.376107 0.0233428 0.0928258
0 0.584231 0.367123 0.0317204 0.0939518
0 0.385267 0.463168 0.0258298 0.0227301
0 0.610067 0.344925 0.0482265 0.0916872
0 0.607551 0.354707 0.057111 0.110059
0 0.0333028 0.511533 0.0314083 0.0914412
