0 0.838914 0.756427 0.0399073 0.0457364
0 0.190325 0.680501 0.0393138 0.0681357
0 0.562945 0.04842 0.0697454 0.0441401
0 0.740106 0.584944 0.0759907 0.0645375
0 0.670583 0.654202 0.0478339 0.041698
0 0.212617 0.842537 0.0562482 0.0854785
0 0.804008 0.684017 0.0596731 0.0597367
0 0.125182 0.477672 0.050663 0.0917079
0 0.589955 0.369803 0.0727272 0.109978
0 0.589409 0.35381 0.070852 0.0834819
0 0.575808 0.485705 0.0611475 0.0680305
0 0.616736 0.482373 0.0562782 0.102377
0 0.630732 0.492298 0.0303984 0.0741577
0 0.584541 0.379022 0.0580142 0.123766
0 0.571775 0.47514 0.0561945 0.0933474
0 0.18602 0.682928 0.0487042 0.0854201
0 0.123605 0.719984 0.0362573 0.092456
