0 0.833438 0.762525 0.0456901 0.0453892
0 0.482844 0.707978 0.0470695 0.0603511
0 0.543724 0.846392 0.0620954 0.0676088
0 0.190926 0.691734 0.0371463 0.0601217
0 0.80479 0.690789 0.0534394 0.0577872
0 0.669394 0.661431 0.0631509 0.053262
0 0.133418 0.469473 0.0344235 0.073041
0 0.215262 0.845085 0.0588628 0.0901971
0 0.389554 0.448802 0.0275897 0.0221429
0 0.434191 0.632073 0.029554 0.0564758
0 0.546341 0.932085 0.0181558 0.038403
0 0.58917 0.374453 0.0461992 0.100352
0 0.581069 0.520257 0.0917437 0.117088
0 0.929505 0.906246 0.0234988 0.0393794
0 0.577962 0.528333 0.0745335 0.0966036
0 0.571275 0.508506 0.059535 0.0904844
0 0.748886 0.633355 0.0350332 0.0582783
0 0.59706 0.374035 0.0646472 0.105195
0 0.592351 0.387662 0.0552382 0.134568
0 0.596543 0.417524 0.0548546 0.123258
0 0.604919 0.439553 0.0429467 0.0973278
0 0.128548 0.723849 0.0367163 0.0909886
0 0.582769 0.359957 0.0307919 0.0738025
