0 0.673353 0.523479 0.048399 0.076046
0 0.917314 0.893595 0.041918 0.0633183
0 0.195451 0.682959 0.0453835 0.0680954
0 0.549389 0.489981 0.039979 0.0673916
0 0.582868 0.396588 0.0243188 0.0771825
0 0.82141 0.719817 0.0586021 0.0674448
0 0.622018 0.625972 0.0391167 0.0536855
0 0.637154 0.263587 0.0206451 0.0507572
0 0.148568 0.429457 0.0216019 0.0416129
0 0.109758 0.758631 0.0272227 0.018528
0 0.506592 0.216414 0.022836 0.0498915
0 0.833888 0.770454 0.0421031 0.0443511
0 0.38817 0.755803 0.0352106 0.022241
0 0.398718 0.385618 0.0232011 0.0408282
0 0.626499 0.627953 0.0476416 0.0631417
0 0.47358 0.67928 0.0690011 0.121817
0 0.471749 0.665275 0.0584719 0.0944352
0 0.489884 0.724783 0.0904672 0.114744
0 0.491212 0.740721 0.0824862 0.0873821
0 0.0722376 0.507473 0.0261937 0.0188962
