0 0.114791 0.763623 0.0340086 0.0293295
0 0.547572 0.479722 0.0394224 0.0809901
0 0.730031 0.584406 0.0595177 0.0754713
0 0.834436 0.757629 0.0505602 0.0828686
0 0.188588 0.668458 0.0400011 0.0539479
0 0.653779 0.481701 0.0392928 0.0652686
0 0.646349 0.185726 0.0207226 0.0717557
0 0.904859 0.882572 0.0373273 0.0542202
0 0.39177 0.453651 0.0283347 0.0215346
0 0.541044 0.284067 0.0212741 0.0468662
0 0.611427 0.610993 0.0259603 0.0355694
0 0.150446 0.423087 0.0248826 0.0506501
0 0.0777448 0.506118 0.0368947 0.0226367
0 0.0262004 0.622782 0.0335878 0.0697961
0 0.412765 0.611987 0.048779 0.0555145
0 0.505663 0.226123 0.0244598 0.0433468
0 0.508777 0.748024 0.0477563 0.100847
0 0.442245 0.66209 0.0728327 0.10847
0 0.578443 0.390461 0.0211642 0.0465698
0 0.10208 0.472512 0.0326644 0.0415599
0 0.43189 0.633993 0.0829107 0.100581
0 0.438076 0.650667 0.103225 0.133497
0 0.839218 0.766755 0.0418596 0.0717182
0 0.495036 0.737839 0.0664214 0.134182
0 0.0177222 0.542448 0.0210572 0.0225532
0 0.489937 0.706387 0.056936 0.124125
