0 0.121445 0.769013 0.0362983 0.029264
0 0.548384 0.488296 0.0324168 0.0674211
0 0.541645 0.288014 0.0216484 0.0490843
0 0.734362 0.592868 0.0679741 0.0845659
0 0.654728 0.483892 0.039988 0.0546626
0 0.091974 0.48067 0.0649698 0.0741999
0 0.220093 0.916616 0.0403277 0.0958499
0 0.846665 0.778635 0.0315235 0.0556304
0 0.903992 0.874048 0.0322235 0.0376223
0 0.330235 0.217144 0.0550227 0.0936
0 0.0265879 0.633175 0.0338706 0.0915971
0 0.18387 0.661629 0.0296223 0.044574
0 0.369639 0.728547 0.0236648 0.016947
0 0.392816 0.582138 0.033708 0.0297818
0 0.803584 0.712623 0.0200651 0.0322911
0 0.447792 0.656102 0.0899208 0.109367
0 0.0903944 0.488198 0.0562871 0.0589356
0 0.151699 0.415408 0.0278885 0.0447705
0 0.223284 0.924865 0.0352991 0.0789106
0 0.310334 0.572263 0.0297876 0.0503032
0 0.506038 0.746368 0.0407906 0.0819014
0 0.507465 0.229008 0.021615 0.0356898
0 0.438104 0.641599 0.0738705 0.0814813
0 0.466577 0.672845 0.114158 0.139301
0 0.338419 0.238592 0.0394372 0.0703884
