0 0.606477 0.606825 0.0362911 0.0466063
0 0.422237 0.636755 0.0440279 0.0566053
0 0.653289 0.479305 0.0386264 0.0630854
0 0.113121 0.763534 0.0319181 0.0286319
0 0.83583 0.759416 0.0465724 0.0803255
0 0.185732 0.666361 0.0366665 0.0572567
0 0.904405 0.883673 0.0377307 0.0520418
0 0.542577 0.469663 0.0342107 0.0796139
0 0.644792 0.157203 0.0209317 0.0466303
0 0.0785774 0.507321 0.0325065 0.025512
0 0.541338 0.284244 0.0205252 0.0433165
0 0.498977 0.743596 0.0737564 0.125991
0 0.150378 0.424691 0.0262138 0.0487964
0 0.0243703 0.616801 0.0318224 0.0627511
0 0.506729 0.225923 0.0233444 0.042538
0 0.493942 0.732321 0.0611763 0.10102
0 0.33487 0.237298 0.0191383 0.0321657
0 0.109577 0.467759 0.0270941 0.0466665
