0 0.787787 0.680625 0.0457146 0.0464755
0 0.664416 0.666117 0.0636134 0.0529224
0 0.199396 0.861148 0.0695169 0.0975984
0 0.37816 0.458382 0.0316896 0.0247985
0 0.781528 0.744304 0.0872586 0.0338173
0 0.121936 0.742441 0.0314883 0.0896339
0 0.602505 0.408565 0.0342482 0.0995871
0 0.592738 0.524538 0.0847383 0.0673351
0 0.588934 0.372862 0.0454872 0.0923215
0 0.607863 0.531456 0.104969 0.0692054
0 0.378917 0.37924 0.0558402 0.0276798
0 0.593367 0.394085 0.051249 0.130012
0 0.535237 0.0173294 0.0273962 0.0346589
