0 0.422973 0.810529 0.0446841 0.0406877
0 0.644041 0.645926 0.0632647 0.069098
0 0.804619 0.702882 0.0553486 0.0574187
0 0.564723 0.501484 0.0496051 0.0704207
0 0.549158 0.874508 0.0499129 0.0835896
0 0.200561 0.697484 0.0336378 0.0678241
0 0.829121 0.765748 0.0560977 0.0544412
0 0.216256 0.85468 0.0511434 0.0852356
0 0.928702 0.907759 0.0240391 0.0416708
0 0.494218 0.739408 0.0531458 0.067456
0 0.122195 0.738465 0.0334873 0.0931818
0 0.510169 0.153896 0.0262451 0.0517016
0 0.587594 0.366418 0.0409706 0.0938154
0 0.582329 0.37282 0.0288517 0.0937527
0 0.600899 0.363471 0.0575659 0.106745
0 0.383891 0.462702 0.0257648 0.0223228
0 0.603411 0.352533 0.0484416 0.086232
0 0.601297 0.368643 0.046174 0.0884181
0 0.118188 0.732075 0.0276482 0.0845373
0 0.833456 0.771703 0.0482042 0.0565603
