0 0.917238 0.892431 0.041569 0.0605252
0 0.192499 0.682293 0.040938 0.0668952
0 0.67429 0.524103 0.0436022 0.0753611
0 0.55009 0.49055 0.0345383 0.0674421
0 0.621078 0.620124 0.0328227 0.0400159
0 0.58243 0.399289 0.0222414 0.0737661
0 0.638707 0.259674 0.018357 0.0494701
0 0.110813 0.760388 0.0263923 0.0211005
0 0.821309 0.72387 0.0551965 0.0686035
0 0.5071 0.215409 0.0245438 0.0573018
0 0.828479 0.749293 0.0486722 0.0797585
0 0.148188 0.433098 0.0196661 0.0321851
0 0.389718 0.755755 0.0333617 0.0221734
0 0.493497 0.742173 0.0775369 0.0835938
0 0.473781 0.678413 0.0603048 0.108992
0 0.471591 0.666213 0.0515562 0.0824732
0 0.492023 0.728429 0.0850527 0.110225
0 0.073755 0.508331 0.0229762 0.0173163
