0 0.832096 0.764784 0.0410532 0.0413611
0 0.800394 0.693297 0.054395 0.0608914
0 0.399418 0.381161 0.0303847 0.0272287
0 0.482178 0.713628 0.0468976 0.0597708
0 0.199065 0.697068 0.0282884 0.0571094
0 0.57163 0.51887 0.0559214 0.0794128
0 0.653411 0.652218 0.0712519 0.0649698
0 0.215822 0.847082 0.0547619 0.0889213
0 0.384796 0.458213 0.0264078 0.0228304
0 0.593149 0.37145 0.0479302 0.0963572
0 0.600356 0.413208 0.0406163 0.101041
0 0.123259 0.733545 0.0355928 0.101775
0 0.629654 0.52656 0.0327089 0.0506935
0 0.520328 0.172791 0.0195651 0.0530105
0 0.605794 0.427962 0.0329995 0.0682865
0 0.126759 0.743554 0.034794 0.0808067
0 0.588636 0.362083 0.0413058 0.0806476
