0 0.652923 0.477661 0.0395114 0.0613
0 0.113524 0.763593 0.030582 0.0285842
0 0.547095 0.476784 0.0369796 0.0781128
0 0.728945 0.583293 0.0599434 0.0772395
0 0.185104 0.666005 0.0340849 0.0509248
0 0.609999 0.608018 0.0296583 0.0390837
0 0.834355 0.761038 0.0519356 0.0822446
0 0.905611 0.883729 0.0384387 0.0553608
0 0.645838 0.174119 0.0224073 0.0810485
0 0.0798103 0.507543 0.0366233 0.0242966
0 0.541858 0.283973 0.020962 0.0470277
0 0.390654 0.452406 0.0274089 0.0214854
0 0.433535 0.647238 0.0883169 0.105392
0 0.151877 0.419002 0.0280646 0.0462445
0 0.0242392 0.617342 0.0320416 0.0661745
0 0.502237 0.738479 0.0586902 0.115367
0 0.555327 0.94627 0.0238582 0.0453943
0 0.506344 0.225793 0.0230209 0.0430949
0 0.643658 0.181705 0.0214082 0.0772635
0 0.103076 0.470258 0.0338868 0.0465818
0 0.428342 0.636373 0.0760905 0.0835302
0 0.839288 0.767356 0.0426179 0.0737205
0 0.0105109 0.140866 0.019571 0.0202914
