0 0.113168 0.762203 0.0313444 0.0263853
0 0.609408 0.608431 0.0286136 0.0392934
0 0.837321 0.758924 0.0423968 0.0761276
0 0.547685 0.476806 0.037833 0.0797102
0 0.183464 0.663799 0.033153 0.0507973
0 0.654177 0.479533 0.0370405 0.0618919
0 0.645231 0.170365 0.0237949 0.0826153
0 0.907142 0.884021 0.0339075 0.0509117
0 0.0815023 0.504548 0.0435921 0.0311513
0 0.540193 0.867831 0.0397975 0.100897
0 0.151118 0.421446 0.026082 0.048978
0 0.542101 0.283682 0.0192816 0.0420686
0 0.544385 0.88176 0.0426431 0.122136
0 0.449556 0.655518 0.112393 0.120343
0 0.0934843 0.478831 0.0547856 0.0598114
0 0.024404 0.618978 0.0329177 0.0673649
0 0.54882 0.903796 0.0241156 0.0718665
0 0.505704 0.225451 0.0236814 0.042904
0 0.438357 0.640049 0.0917895 0.0906605
0 0.0905685 0.488073 0.0559092 0.070493
0 0.504226 0.749068 0.0523458 0.103365
