0 0.834641 0.768255 0.0498531 0.0513048
0 0.485212 0.714687 0.052421 0.070457
0 0.402435 0.391452 0.0303442 0.0336397
0 0.193641 0.695135 0.0405019 0.0605668
0 0.803196 0.695331 0.0558325 0.0643423
0 0.139449 0.452931 0.0203691 0.0418836
0 0.65494 0.653877 0.0641904 0.0597713
0 0.569453 0.518782 0.0546705 0.0908104
0 0.213616 0.850143 0.0532312 0.0910511
0 0.386429 0.457163 0.0241383 0.0245086
0 0.743071 0.626928 0.039149 0.0613678
0 0.596134 0.377082 0.0542595 0.0945225
0 0.92965 0.90993 0.0237591 0.0339077
0 0.124329 0.731718 0.0366361 0.0969584
0 0.598211 0.408085 0.0427494 0.104042
0 0.604981 0.428185 0.0343931 0.0668198
0 0.217076 0.859827 0.0485798 0.0770292
0 0.127716 0.741294 0.0362737 0.0763323
