0 0.114416 0.762042 0.0321452 0.0278881
0 0.728692 0.582464 0.0612224 0.0795957
0 0.609563 0.608248 0.0295329 0.0403614
0 0.184764 0.6648 0.0362175 0.0570618
0 0.546307 0.476768 0.0362928 0.0792809
0 0.654768 0.480979 0.0372726 0.0628775
0 0.645639 0.173202 0.023945 0.0797132
0 0.905218 0.882501 0.0352803 0.0516801
0 0.390815 0.452309 0.0281937 0.0193036
0 0.0798297 0.507857 0.0341511 0.0220054
0 0.150248 0.421805 0.026269 0.0468423
0 0.541464 0.282214 0.0207646 0.0424336
0 0.830001 0.754853 0.0610757 0.0934246
0 0.437679 0.650619 0.0909524 0.106786
0 0.0240084 0.622466 0.0327612 0.0692668
0 0.55538 0.941035 0.0257062 0.056246
0 0.503519 0.738521 0.0589788 0.115759
0 0.506439 0.224048 0.0228873 0.044571
0 0.643343 0.181446 0.0216541 0.0765596
0 0.10518 0.469258 0.0284065 0.0422736
0 0.82258 0.745631 0.0739665 0.100527
0 0.43105 0.6384 0.0777055 0.0799842
0 0.818133 0.730021 0.0622672 0.0772241
0 0.838871 0.76754 0.042753 0.0727599
