0 0.191623 0.676613 0.0373037 0.0664423
0 0.525976 0.0492823 0.0960072 0.0425535
0 0.918436 0.868576 0.0427947 0.0657072
0 0.846845 0.763028 0.071504 0.0505092
0 0.494527 0.714885 0.0617713 0.073987
0 0.392551 0.447113 0.0278627 0.0219533
0 0.0727743 0.285916 0.0322611 0.0832445
0 0.622672 0.348961 0.0745244 0.0837653
0 0.136503 0.443495 0.0256183 0.0553259
0 0.799352 0.67773 0.0551798 0.0573311
0 0.212174 0.842835 0.0499836 0.0749928
0 0.576976 0.504668 0.0576752 0.0820218
0 0.742566 0.619823 0.0316116 0.0784507
0 0.122673 0.718561 0.0325346 0.0917394
0 0.561836 0.817867 0.0439899 0.0677416
0 0.637546 0.513961 0.0448252 0.0770313
0 0.524155 0.810626 0.037082 0.0660217
0 0.699132 0.679043 0.0370913 0.0319207
0 0.528009 0.812824 0.04752 0.0739462
0 0.550253 0.818675 0.0732288 0.0831617
0 0.61884 0.514151 0.0743184 0.0755547
