0 0.546497 0.486104 0.0341524 0.0661582
0 0.222567 0.924672 0.0374811 0.0879172
0 0.541749 0.292029 0.0215662 0.0499849
0 0.735868 0.593247 0.0669529 0.0881655
0 0.0944955 0.480888 0.0608711 0.0748041
0 0.652948 0.479277 0.0415163 0.0603011
0 0.846914 0.776545 0.0329649 0.0587511
0 0.393523 0.454381 0.0254149 0.0193681
0 0.323987 0.191604 0.0444854 0.0977979
0 0.903322 0.870705 0.029976 0.0330493
0 0.123341 0.768318 0.0329891 0.0259759
0 0.184175 0.662404 0.0306618 0.0440909
0 0.800789 0.710456 0.0231323 0.0312427
0 0.512626 0.748214 0.0325897 0.0844536
0 0.0271545 0.633536 0.0348084 0.0920055
0 0.505337 0.735131 0.03536 0.102611
0 0.430822 0.645909 0.0851849 0.128305
0 0.409836 0.603897 0.0594651 0.0716567
0 0.351579 0.26966 0.0215047 0.0249759
0 0.3683 0.725481 0.0225595 0.0207446
0 0.151753 0.415086 0.0280983 0.0448453
0 0.425318 0.626074 0.0867311 0.113162
0 0.439259 0.656371 0.0718633 0.120852
0 0.502547 0.721848 0.0388113 0.0779816
