0 0.11496 0.7642 0.033451 0.0295715
0 0.185775 0.667882 0.0351146 0.0547953
0 0.731355 0.587365 0.0603206 0.0788469
0 0.654417 0.480781 0.03689 0.0600533
0 0.547693 0.482027 0.0363743 0.0774616
0 0.0779915 0.508074 0.0335687 0.0217748
0 0.905492 0.88262 0.0386207 0.054585
0 0.646384 0.19325 0.0223874 0.0654483
0 0.836694 0.759931 0.0465875 0.0819811
0 0.389825 0.456397 0.0238607 0.0186818
0 0.149813 0.421278 0.028016 0.0443256
0 0.611391 0.613357 0.0236599 0.0336955
0 0.541067 0.280811 0.0248337 0.0406704
0 0.506237 0.224997 0.0234326 0.0429156
0 0.503469 0.736607 0.047034 0.117573
0 0.430126 0.645037 0.0911063 0.127033
0 0.0245802 0.620843 0.0330265 0.0662856
0 0.427721 0.629619 0.0797027 0.0918357
0 0.110613 0.467072 0.0240767 0.0457217
0 0.578266 0.400634 0.0201228 0.040485
0 0.438155 0.658715 0.0725279 0.10983
0 0.495727 0.712363 0.0445864 0.113724
