0 0.416414 0.80058 0.0437621 0.0424988
0 0.639519 0.640764 0.0649738 0.0634767
0 0.927774 0.906206 0.0328095 0.0539525
0 0.199369 0.695815 0.0390462 0.0724914
0 0.508993 0.193306 0.0270724 0.0713331
0 0.559793 0.49904 0.0487897 0.0740845
0 0.81398 0.712265 0.0528641 0.0534693
0 0.489817 0.733656 0.0753406 0.0876868
0 0.0177458 0.378189 0.033105 0.0781934
0 0.220898 0.868706 0.040227 0.0607506
0 0.826164 0.75944 0.0567636 0.057117
0 0.119753 0.73774 0.0298802 0.0809615
0 0.610852 0.319294 0.0655543 0.101871
0 0.583392 0.376653 0.0223123 0.0859
0 0.145589 0.435046 0.0191635 0.0360299
0 0.384241 0.462305 0.0238693 0.0222071
0 0.621753 0.317899 0.047471 0.108805
0 0.58372 0.360995 0.0296412 0.0953214
0 0.205665 0.847731 0.025346 0.0661017
0 0.626863 0.519158 0.0332977 0.0347493
0 0.821318 0.734582 0.0608838 0.103692
