0 0.585116 0.546026 0.0392275 0.0422101
0 0.177895 0.637104 0.0376497 0.0472627
0 0.938203 0.887942 0.0433745 0.059608
0 0.13773 0.485678 0.022908 0.0448873
0 0.573218 0.815691 0.037498 0.0607469
0 0.577007 0.476853 0.0291483 0.0322044
0 0.481113 0.659228 0.0558335 0.079031
0 0.400043 0.449704 0.0270017 0.0230333
0 0.879122 0.782073 0.0521965 0.0388572
0 0.678512 0.489769 0.0367316 0.0585406
0 0.122383 0.374963 0.0326765 0.0679466
0 0.768968 0.616663 0.0979543 0.109251
0 0.30351 0.379928 0.0195767 0.0298924
0 0.554422 0.149826 0.0222018 0.0574135
0 0.826516 0.704778 0.0260804 0.0228035
0 0.680011 0.496103 0.0417944 0.0753224
0 0.117218 0.740362 0.0207628 0.0180367
