0 0.483529 0.709475 0.0566455 0.0736687
0 0.192588 0.693048 0.0370848 0.0544822
0 0.386967 0.456173 0.0271858 0.0260671
0 0.663042 0.657288 0.0645725 0.0617664
0 0.110707 0.52483 0.0549639 0.0804887
0 0.211312 0.849889 0.0644069 0.0827404
0 0.573902 0.523187 0.0627377 0.0968159
0 0.591923 0.374043 0.0486377 0.0925909
0 0.536461 0.908131 0.0282195 0.0867794
0 0.744847 0.627929 0.0365846 0.0696645
0 0.820239 0.727248 0.0801128 0.125565
0 0.930423 0.908062 0.0250977 0.0373132
0 0.124461 0.726674 0.0355715 0.093492
0 0.929701 0.9069 0.0283445 0.0482957
0 0.599278 0.416968 0.0441387 0.104182
0 0.606155 0.435633 0.0359885 0.0685643
0 0.197118 0.848647 0.093399 0.0919547
0 0.807968 0.704626 0.0725546 0.0787859
0 0.827468 0.743513 0.0612882 0.0914336
