0 0.833312 0.761832 0.0461323 0.0448582
0 0.190352 0.690807 0.0378588 0.062948
0 0.80402 0.69061 0.053171 0.0586565
0 0.483704 0.709266 0.0499997 0.0648904
0 0.537051 0.840264 0.0694408 0.0677987
0 0.667407 0.660538 0.0587792 0.0525429
0 0.130437 0.484154 0.0480791 0.0899637
0 0.215831 0.845553 0.0559302 0.0851306
0 0.389931 0.447197 0.0279627 0.0221765
0 0.204313 0.909798 0.0393426 0.0596082
0 0.586233 0.371134 0.0353432 0.0908198
0 0.580071 0.519749 0.0905985 0.121889
0 0.930895 0.903464 0.0272849 0.0468931
0 0.548097 0.940512 0.0203168 0.0370685
0 0.746898 0.631092 0.0371032 0.063062
0 0.57844 0.529279 0.0743129 0.0965879
0 0.20816 0.888127 0.051428 0.115155
0 0.57303 0.508156 0.0619547 0.0892588
0 0.59936 0.427935 0.049647 0.113829
0 0.588624 0.376246 0.0434923 0.10741
0 0.605147 0.444815 0.0417948 0.0974624
0 0.434655 0.629238 0.0304865 0.0666038
0 0.129663 0.728128 0.0381414 0.0946143
0 0.741389 0.634019 0.0317032 0.0613362
0 0.429364 0.621619 0.020798 0.0772943
0 0.595039 0.372314 0.058684 0.0969159
0 0.583415 0.359917 0.0297536 0.0722433
