0 0.606781 0.605687 0.0353765 0.0439055
0 0.112783 0.761706 0.0304396 0.0270593
0 0.653715 0.479647 0.0394254 0.062362
0 0.185441 0.667751 0.0363961 0.060796
0 0.832688 0.759569 0.0537176 0.0829413
0 0.0793884 0.507472 0.0370845 0.023982
0 0.645414 0.158624 0.0207491 0.0547465
0 0.428642 0.643277 0.0608914 0.0790639
0 0.542842 0.470192 0.0339491 0.0765294
0 0.905474 0.883946 0.0346901 0.0514259
0 0.0246103 0.614754 0.0317034 0.059994
0 0.541306 0.283419 0.0200438 0.0407677
0 0.151096 0.420495 0.0267293 0.0491344
0 0.506365 0.22553 0.0229844 0.0440505
0 0.507178 0.748122 0.0638988 0.129141
0 0.11109 0.466053 0.0236201 0.0428148
0 0.838765 0.767453 0.0419593 0.0724179
0 0.512975 0.780246 0.0610981 0.102072
0 0.520452 0.800704 0.0467353 0.0665679
0 0.498751 0.732377 0.0498141 0.0967221
