0 0.578416 0.0457019 0.0297214 0.0607014
0 0.837527 0.756107 0.0424156 0.045975
0 0.189136 0.680974 0.0415289 0.0681018
0 0.715055 0.560182 0.0780381 0.0713348
0 0.214008 0.844017 0.0568361 0.087593
0 0.673619 0.661212 0.0573089 0.0510414
0 0.803527 0.685785 0.054846 0.0575964
0 0.589304 0.370091 0.0689611 0.103717
0 0.39664 0.445429 0.0253714 0.0228714
0 0.573158 0.496878 0.0584027 0.0783113
0 0.614982 0.475259 0.0624561 0.103972
0 0.93396 0.900368 0.0281596 0.0401521
0 0.185761 0.683689 0.0497134 0.0842879
0 0.123866 0.723268 0.0354429 0.0910245
0 0.138338 0.444053 0.0188595 0.0337384
