0 0.652997 0.477575 0.0383973 0.0533787
0 0.546175 0.488399 0.0338356 0.0598637
0 0.54138 0.29198 0.0226297 0.0531331
0 0.222267 0.925721 0.0360977 0.0879327
0 0.734492 0.590278 0.0695016 0.0889339
0 0.0934238 0.481608 0.0618904 0.0760795
0 0.846841 0.774101 0.0358407 0.0660973
0 0.322225 0.1887 0.0448259 0.0898722
0 0.392754 0.454315 0.0253107 0.0186081
0 0.903612 0.873079 0.0308607 0.0371711
0 0.123199 0.76913 0.0315971 0.0260577
0 0.183541 0.658799 0.0292516 0.0342009
0 0.0269204 0.634147 0.0346483 0.0923686
0 0.508794 0.736993 0.037939 0.10311
0 0.434026 0.643737 0.106309 0.142521
0 0.801061 0.710437 0.0194331 0.026669
0 0.425506 0.627418 0.0868709 0.104589
0 0.152197 0.410457 0.0291094 0.0460809
0 0.351535 0.267738 0.02068 0.0231379
0 0.0215378 0.271325 0.0365947 0.0502113
0 0.367691 0.724556 0.02148 0.0224812
0 0.506859 0.231508 0.0220674 0.0334471
0 0.416012 0.610204 0.0687209 0.0700741
0 0.44678 0.659006 0.0846041 0.117953
