0 0.588391 0.540657 0.0364766 0.0405035
0 0.135611 0.473026 0.0247727 0.0369235
0 0.87589 0.778808 0.0423069 0.0400709
0 0.574027 0.463559 0.031976 0.0390941
0 0.582687 0.891876 0.0388345 0.063859
0 0.274276 0.109776 0.0289373 0.0732816
0 0.676078 0.460644 0.0462501 0.086347
0 0.177053 0.626694 0.0378813 0.0527697
0 0.148399 0.385694 0.0261748 0.0511696
0 0.478811 0.649648 0.0617701 0.0753665
0 0.936479 0.875873 0.0416071 0.0644126
0 0.552978 0.135368 0.017673 0.0401213
0 0.766478 0.605743 0.101548 0.115537
0 0.532239 0.801491 0.0369334 0.0891491
0 0.0726652 0.287695 0.0239511 0.0400496
0 0.403337 0.431026 0.02846 0.022593
0 0.529162 0.793262 0.0331659 0.0772491
0 0.117913 0.726263 0.0219937 0.0194829
0 0.418947 0.577103 0.0216348 0.0241375
0 0.0368477 0.604873 0.0216738 0.0478994
