0 0.115499 0.765028 0.0342402 0.0309103
0 0.547982 0.483054 0.0358039 0.0747234
0 0.185779 0.668181 0.0351918 0.0542212
0 0.733326 0.589809 0.0652981 0.0863402
0 0.654523 0.480797 0.0377018 0.0643641
0 0.647741 0.204336 0.019928 0.0574847
0 0.832312 0.755671 0.0557246 0.0859667
0 0.905416 0.880764 0.0366707 0.0557184
0 0.390783 0.45569 0.0255778 0.0206265
0 0.151644 0.422128 0.0279818 0.0506172
0 0.541355 0.28086 0.024111 0.0433822
0 0.0918751 0.478812 0.0591145 0.0636387
0 0.0820296 0.502281 0.0434754 0.0313393
0 0.0249871 0.631586 0.0365466 0.0906717
0 0.50488 0.736058 0.0514162 0.11458
0 0.437972 0.646174 0.108403 0.136016
0 0.61068 0.611891 0.0221516 0.0336907
0 0.30509 0.147136 0.0349811 0.0629785
0 0.433492 0.632005 0.0882431 0.105394
0 0.229606 0.954957 0.0248416 0.0396806
0 0.310372 0.155647 0.0364009 0.0682403
0 0.507021 0.226111 0.0213469 0.0398939
0 0.313406 0.161787 0.0311046 0.0548541
0 0.839476 0.766587 0.0424924 0.0709562
0 0.644867 0.210344 0.0211183 0.059131
