0 0.832893 0.76305 0.0466615 0.0441897
0 0.481345 0.707006 0.0511477 0.0619327
0 0.550429 0.854596 0.0541795 0.0689185
0 0.190693 0.690235 0.0373964 0.063398
0 0.136986 0.461588 0.0283611 0.0646841
0 0.804744 0.691719 0.054895 0.061191
0 0.213052 0.846312 0.0594825 0.0843126
0 0.668254 0.660879 0.0618305 0.0503407
0 0.54788 0.932473 0.0205269 0.0420144
0 0.389332 0.451124 0.0267474 0.0207868
0 0.430503 0.628667 0.0246063 0.0546045
0 0.585157 0.373676 0.0386429 0.0987123
0 0.57612 0.521676 0.0702603 0.110887
0 0.746658 0.626243 0.0350604 0.0679321
0 0.929723 0.906301 0.0251026 0.0366976
0 0.123871 0.725695 0.0348233 0.0915728
0 0.740498 0.630245 0.0327735 0.0747848
0 0.591019 0.390373 0.0522197 0.13686
0 0.59593 0.420368 0.0599656 0.127964
0 0.603363 0.440779 0.0450909 0.103381
0 0.58178 0.358581 0.0305095 0.0722247
