0 0.85673 0.772388 0.0649743 0.0471526
0 0.578186 0.506791 0.0564787 0.0709071
0 0.19004 0.676539 0.0429071 0.0717837
0 0.559606 0.805556 0.0373845 0.0578693
0 0.210818 0.839562 0.057466 0.0824506
0 0.531426 0.056114 0.0964649 0.0433642
0 0.622015 0.352526 0.0810518 0.0828657
0 0.137067 0.442732 0.0220675 0.0514188
0 0.483354 0.685479 0.041078 0.0486324
0 0.0688969 0.319061 0.0362668 0.0941685
0 0.647958 0.524996 0.0470715 0.0676649
0 0.798577 0.680246 0.0677488 0.070888
0 0.793645 0.674761 0.0825496 0.0929334
0 0.786994 0.660269 0.0916631 0.117801
0 0.777483 0.654106 0.083426 0.101366
0 0.185206 0.680457 0.0542244 0.0963628
0 0.123663 0.718916 0.0344029 0.0854709
0 0.677159 0.498966 0.0369194 0.0539553
0 0.76447 0.63704 0.0608971 0.0698714
