0 0.837484 0.758304 0.0441016 0.0475272
0 0.191106 0.683179 0.0387583 0.0681872
0 0.673323 0.660103 0.046471 0.0381416
0 0.215143 0.845589 0.0600587 0.0869668
0 0.803714 0.686033 0.0540258 0.0578032
0 0.57843 0.366533 0.0560491 0.0881497
0 0.572176 0.482337 0.0570161 0.0886344
0 0.456245 0.652913 0.0427528 0.0472071
0 0.609989 0.445943 0.0332119 0.0888413
0 0.932415 0.899082 0.0277758 0.0433958
0 0.60778 0.46101 0.052351 0.113589
0 0.741565 0.622752 0.0348526 0.0769274
0 0.747358 0.620522 0.0354722 0.0713987
0 0.570385 0.492747 0.0492373 0.0844987
0 0.129914 0.722568 0.0377651 0.0903518
0 0.749254 0.623786 0.0485954 0.0743144
