0 0.618386 0.619108 0.0369685 0.0415064
0 0.194106 0.682455 0.0458255 0.0718672
0 0.917991 0.894236 0.0464764 0.0653589
0 0.54977 0.488462 0.037575 0.0723138
0 0.667486 0.517539 0.0385072 0.0805957
0 0.111323 0.760105 0.0291454 0.0238785
0 0.641261 0.249206 0.0272062 0.0695283
0 0.581612 0.397246 0.025281 0.082006
0 0.823804 0.739169 0.0583781 0.080085
0 0.14809 0.430816 0.020353 0.0430365
0 0.50701 0.216259 0.0213743 0.0489352
0 0.479497 0.705545 0.0923768 0.142632
0 0.474313 0.689419 0.0763627 0.101452
0 0.541469 0.274431 0.0236187 0.0354888
0 0.820495 0.730752 0.0525982 0.0627537
0 0.487083 0.722277 0.0924546 0.118242
0 0.381437 0.743036 0.0324423 0.0208573
0 0.331562 0.233612 0.0378445 0.0635706
0 0.490131 0.740598 0.082311 0.0874747
0 0.32532 0.221784 0.0284896 0.0435225
0 0.0722895 0.508277 0.022606 0.0193788
0 0.33988 0.249354 0.0371791 0.053847
