0 0.415709 0.798525 0.040076 0.0376141
0 0.639175 0.640802 0.0658392 0.0666968
0 0.92842 0.908278 0.0340567 0.049034
0 0.559201 0.499117 0.0456049 0.0716223
0 0.198983 0.695582 0.0410994 0.0736941
0 0.509159 0.190792 0.0283574 0.0755156
0 0.811666 0.713226 0.0521928 0.0541492
0 0.828114 0.763857 0.0576786 0.0481856
0 0.217509 0.861273 0.0469547 0.0696464
0 0.0133712 0.354907 0.0267424 0.043391
0 0.486716 0.730355 0.073128 0.0885907
0 0.582325 0.379535 0.025306 0.0924382
0 0.121787 0.735331 0.028973 0.0756346
0 0.582864 0.369153 0.0307829 0.0989922
0 0.817594 0.722713 0.0600572 0.0813205
0 0.626441 0.310776 0.0363106 0.0933809
0 0.492114 0.736322 0.0578029 0.0752527
0 0.38366 0.462603 0.0230713 0.0225656
0 0.61232 0.324589 0.0613648 0.127535
0 0.627014 0.522802 0.0428338 0.0435706
