0 0.917673 0.894148 0.041925 0.0636528
0 0.196655 0.684558 0.0462548 0.0674593
0 0.673105 0.523367 0.0457875 0.0742935
0 0.548702 0.490868 0.0402768 0.0702679
0 0.110492 0.758976 0.0257572 0.0219424
0 0.582675 0.397797 0.0224546 0.0760258
0 0.621298 0.622899 0.0336821 0.0450292
0 0.637563 0.261563 0.0161648 0.0427688
0 0.389654 0.756138 0.0340495 0.0230234
0 0.82057 0.721051 0.056833 0.0726638
0 0.507294 0.215783 0.023144 0.0550503
0 0.833472 0.756134 0.0457872 0.0762223
0 0.396447 0.385749 0.0204344 0.0472493
0 0.748486 0.611778 0.036041 0.0427039
0 0.147546 0.430141 0.0185632 0.0304128
0 0.468784 0.665167 0.0555561 0.0835114
0 0.469047 0.678836 0.0649295 0.114982
0 0.490563 0.726914 0.0885221 0.108112
0 0.491914 0.740866 0.0818841 0.0859911
0 0.628324 0.630148 0.0422888 0.0605643
0 0.0715398 0.508007 0.0232225 0.0183636
