0 0.121963 0.754539 0.0330008 0.0798683
0 0.6634 0.663188 0.0573769 0.0506575
0 0.191012 0.854425 0.0823512 0.0967762
0 0.608737 0.524794 0.112749 0.0760584
0 0.603376 0.370162 0.0432513 0.089406
0 0.768489 0.667872 0.110911 0.0926061
0 0.781961 0.745367 0.0887845 0.0326988
0 0.534473 0.033398 0.0303283 0.066796
0 0.37667 0.461486 0.0319909 0.0204755
0 0.59232 0.369117 0.0625684 0.0931779
0 0.609165 0.360039 0.0336225 0.0720258
0 0.440027 0.831747 0.0281851 0.0304549
0 0.775194 0.681987 0.0956146 0.0710723
