0 0.607742 0.607434 0.0345157 0.0437267
0 0.114472 0.762047 0.0319023 0.0253897
0 0.184597 0.664767 0.03482 0.0563595
0 0.545356 0.476612 0.0379555 0.0830986
0 0.906747 0.887318 0.041397 0.059134
0 0.655049 0.483199 0.0360856 0.0594058
0 0.833753 0.758448 0.0515683 0.0820566
0 0.0790528 0.509874 0.0335518 0.0254469
0 0.645428 0.169521 0.0233834 0.0862277
0 0.150755 0.422345 0.0270068 0.0480004
0 0.541539 0.284021 0.0202215 0.0448698
0 0.0246989 0.61451 0.0316369 0.0580549
0 0.429606 0.64407 0.0791243 0.108072
0 0.421608 0.632385 0.0618688 0.0786641
0 0.506604 0.225032 0.0222782 0.0431547
0 0.431028 0.656258 0.0640204 0.0918496
0 0.539575 0.87108 0.0372884 0.100558
0 0.10616 0.470615 0.0254608 0.03844
0 0.533372 0.852988 0.052398 0.128275
0 0.643589 0.179413 0.0209665 0.0713674
0 0.839089 0.76685 0.0423423 0.0694327
0 0.502726 0.744103 0.0542271 0.134141
0 0.512305 0.767747 0.0632553 0.138593
0 0.519784 0.799081 0.0593705 0.139085
0 0.496328 0.723898 0.0382017 0.101873
0 0.528708 0.829281 0.0594578 0.133123
0 0.545574 0.487097 0.0341127 0.0662906
0 0.109344 0.46864 0.0236577 0.0458499
