0 0.91703 0.892719 0.0389973 0.0628468
0 0.195391 0.684229 0.0474429 0.0707074
0 0.672155 0.523307 0.0417924 0.0783109
0 0.620401 0.621044 0.0347487 0.0414499
0 0.550557 0.491855 0.0365577 0.070218
0 0.581582 0.399313 0.0240487 0.0723757
0 0.11005 0.760247 0.0265076 0.0226974
0 0.638801 0.26115 0.0287652 0.0676958
0 0.148534 0.430032 0.0207385 0.0367883
0 0.506659 0.215839 0.0234734 0.0579959
0 0.822276 0.731059 0.059201 0.0895784
0 0.828482 0.747616 0.0510919 0.0848985
0 0.389444 0.755896 0.0341536 0.022318
0 0.471238 0.666151 0.0518354 0.0812514
0 0.753273 0.617927 0.0339582 0.0270197
0 0.491378 0.728694 0.0845131 0.107993
0 0.493612 0.742666 0.0759169 0.0834997
0 0.0702591 0.507328 0.0239036 0.0204599
0 0.473753 0.676629 0.0619002 0.107796
