0 0.606369 0.605754 0.0351495 0.0435784
0 0.113269 0.761925 0.0313597 0.0273137
0 0.419601 0.633928 0.0406139 0.0607696
0 0.6537 0.479554 0.0392962 0.0676536
0 0.834408 0.758234 0.0499556 0.0803435
0 0.186112 0.667748 0.0359819 0.0621058
0 0.54354 0.470019 0.0343711 0.079931
0 0.644729 0.157455 0.020282 0.0467633
0 0.905469 0.882989 0.0366268 0.0541084
0 0.0803293 0.505599 0.0396293 0.029505
0 0.50155 0.742154 0.0680768 0.127996
0 0.54074 0.284295 0.0200286 0.0369291
0 0.150503 0.420779 0.0250505 0.0435641
0 0.0244221 0.618899 0.032435 0.0668201
0 0.506699 0.225401 0.0218416 0.0422554
0 0.096926 0.474793 0.0464902 0.0576257
0 0.334392 0.235238 0.0180701 0.0354486
0 0.496227 0.730705 0.0569185 0.101921
0 0.540025 0.28127 0.0261376 0.040884
0 0.090281 0.487682 0.0533166 0.0742348
0 0.107003 0.472793 0.0330627 0.0586637
0 0.576465 0.389959 0.0206432 0.0452243
0 0.838933 0.766679 0.0423992 0.0713623
0 0.504291 0.768919 0.0584971 0.0908599
