0 0.832211 0.761762 0.0465477 0.0445974
0 0.191641 0.690001 0.0387498 0.0616401
0 0.802991 0.690068 0.0557683 0.0606558
0 0.669283 0.659972 0.0617276 0.0518184
0 0.48361 0.711006 0.054544 0.0673635
0 0.493146 0.801294 0.035416 0.0418475
0 0.43408 0.630015 0.0330368 0.0825999
0 0.107466 0.530167 0.0525824 0.0826595
0 0.2124 0.84636 0.0611504 0.089396
0 0.586694 0.373334 0.0433258 0.102763
0 0.199698 0.898399 0.0418467 0.0647185
0 0.582977 0.520108 0.0960352 0.128098
0 0.39166 0.445961 0.0294253 0.0195166
0 0.207476 0.862781 0.068319 0.126954
0 0.203762 0.881756 0.0604796 0.115504
0 0.579602 0.530733 0.0758871 0.101894
0 0.571221 0.50761 0.0591376 0.087594
0 0.929813 0.903439 0.0290363 0.0455905
0 0.746756 0.630251 0.0338814 0.0622076
0 0.592252 0.390868 0.0563095 0.138844
0 0.595212 0.420826 0.0643241 0.131322
0 0.596523 0.3732 0.0660367 0.111901
0 0.602463 0.448366 0.0540311 0.122868
0 0.587301 0.547647 0.0577593 0.0748532
0 0.128585 0.724047 0.0354343 0.0870366
0 0.580344 0.358349 0.0289656 0.0760834
0 0.741038 0.631685 0.0343421 0.0730066
