0 0.414772 0.799023 0.0420049 0.0385666
0 0.63854 0.640411 0.0660412 0.0679237
0 0.202366 0.699165 0.0367796 0.0720177
0 0.509665 0.193636 0.0263515 0.0645521
0 0.927546 0.908127 0.0295985 0.048265
0 0.557361 0.499886 0.0463861 0.0718628
0 0.811173 0.717433 0.0523162 0.0609634
0 0.218266 0.865369 0.0426741 0.0675384
0 0.58293 0.380141 0.0220047 0.0833949
0 0.120751 0.738292 0.0322428 0.0774956
0 0.482093 0.721676 0.0716002 0.0738906
0 0.824496 0.75685 0.0551131 0.0543387
0 0.58178 0.371267 0.0277381 0.095616
0 0.815082 0.727433 0.05951 0.0896108
0 0.623806 0.306563 0.0427337 0.0940158
0 0.821112 0.747165 0.0620124 0.0765533
0 0.570557 0.502331 0.072515 0.076507
0 0.212444 0.857908 0.0377142 0.0793322
0 0.607545 0.309609 0.0742247 0.102037
0 0.614478 0.511765 0.0876853 0.0804271
0 0.619124 0.52469 0.0768874 0.0630969
0 0.384342 0.463244 0.0286987 0.0231095
0 0.507899 0.753851 0.0293229 0.0500046
