0 0.733844 0.589391 0.0679564 0.0884218
0 0.545746 0.484529 0.0363121 0.069495
0 0.652378 0.477191 0.0401368 0.0620671
0 0.541688 0.29326 0.0240246 0.0530879
0 0.225056 0.933613 0.037331 0.0890291
0 0.123493 0.769813 0.0357489 0.0294878
0 0.317462 0.176054 0.0478555 0.0923479
0 0.902259 0.871081 0.0298607 0.032959
0 0.0948929 0.482073 0.0596178 0.079113
0 0.845215 0.777549 0.037966 0.0719221
0 0.50407 0.737146 0.040252 0.08892
0 0.184063 0.659781 0.0303095 0.0398617
0 0.647985 0.203828 0.0249285 0.043738
0 0.0252771 0.633997 0.0332045 0.0853944
0 0.801858 0.711919 0.0250725 0.0328211
0 0.392665 0.454386 0.0241835 0.0189131
0 0.421051 0.635234 0.0897619 0.133184
0 0.509235 0.746209 0.0370318 0.0879524
0 0.0920765 0.488366 0.0502287 0.0644768
0 0.0232693 0.274302 0.036393 0.0595672
0 0.507036 0.228264 0.0218033 0.0386943
0 0.349735 0.26404 0.0234807 0.0331382
0 0.417713 0.611909 0.0733782 0.0732661
0 0.431518 0.652717 0.0683882 0.106566
0 0.366929 0.724877 0.0220462 0.0215474
