0 0.663043 0.666203 0.0620197 0.048418
0 0.12203 0.753836 0.0340721 0.0815928
0 0.605065 0.371083 0.0404541 0.0939553
0 0.191515 0.85721 0.0828291 0.0948186
0 0.609022 0.525081 0.108095 0.074057
0 0.76979 0.670901 0.112135 0.0906942
0 0.529969 0.0446796 0.0375538 0.0893593
0 0.594318 0.370503 0.0603406 0.094233
0 0.779889 0.74518 0.09251 0.0335954
0 0.608457 0.359145 0.0347199 0.0723072
0 0.436001 0.831046 0.0310937 0.0354573
0 0.377475 0.461703 0.0292981 0.0217041
0 0.530207 0.0506283 0.0367682 0.0701245
0 0.774668 0.682441 0.0999022 0.0710497
