0 0.114324 0.763539 0.0320657 0.0286257
0 0.730112 0.584069 0.0594106 0.0772212
0 0.655109 0.482183 0.0375865 0.0649458
0 0.547692 0.480353 0.0382223 0.0806403
0 0.185832 0.666557 0.0349696 0.0539341
0 0.838121 0.762159 0.0415063 0.0791345
0 0.646389 0.189535 0.0214891 0.0667936
0 0.391958 0.453559 0.0265241 0.0209349
0 0.151019 0.422089 0.0265789 0.0496147
0 0.906473 0.88413 0.0357313 0.0529158
0 0.0806057 0.504532 0.0415491 0.0281014
0 0.541104 0.285619 0.0205338 0.0460606
0 0.609344 0.6105 0.0222542 0.0330348
0 0.504482 0.739071 0.0475123 0.11412
0 0.0952377 0.481025 0.0421174 0.0488707
0 0.416696 0.625983 0.0524949 0.0791111
0 0.0254153 0.619968 0.0338851 0.0690142
0 0.441826 0.648256 0.0747139 0.115554
0 0.50619 0.225737 0.02242 0.0421107
0 0.548881 0.488004 0.0342796 0.0614637
0 0.432692 0.63418 0.0780923 0.0989299
0 0.0882776 0.490775 0.0495255 0.0589979
0 0.44553 0.662443 0.0539791 0.0903122
0 0.496109 0.714531 0.0397817 0.103372
