0 0.458217 0.824228 0.0455506 0.0411917
0 0.8367 0.756619 0.0442048 0.0444591
0 0.191299 0.682919 0.0378934 0.0666455
0 0.672676 0.658767 0.0483255 0.0401475
0 0.214303 0.845914 0.0613949 0.0887269
0 0.802523 0.684785 0.0570714 0.060246
0 0.393817 0.446614 0.0249962 0.0235804
0 0.57162 0.492229 0.0558367 0.0875227
0 0.746673 0.625937 0.0338349 0.0602807
0 0.577139 0.360102 0.0626699 0.116607
0 0.609085 0.439522 0.0362726 0.0833741
0 0.456131 0.660683 0.0274456 0.0314659
0 0.932359 0.903688 0.0274792 0.0372436
0 0.568513 0.311559 0.0500743 0.104705
0 0.575657 0.336546 0.0654317 0.138673
0 0.5658 0.294448 0.0442795 0.0739526
0 0.607946 0.463426 0.0564191 0.123445
0 0.130213 0.723795 0.0386297 0.0922587
