0 0.484667 0.71689 0.0476692 0.0631063
0 0.193119 0.693714 0.0384707 0.0606642
0 0.13719 0.467083 0.0284291 0.0654005
0 0.657809 0.656208 0.069262 0.0630708
0 0.386766 0.458061 0.0255939 0.0245798
0 0.401909 0.391427 0.0283553 0.0334015
0 0.572281 0.52188 0.0588213 0.0911487
0 0.210216 0.847556 0.0619471 0.0848899
0 0.588741 0.373437 0.0376536 0.0901947
0 0.743174 0.632206 0.0328755 0.0512197
0 0.821881 0.73125 0.0823975 0.133628
0 0.602875 0.42387 0.0354811 0.0841276
0 0.606182 0.433878 0.0326295 0.0676427
0 0.123678 0.730968 0.0350317 0.0949504
0 0.59527 0.374013 0.0543051 0.0930122
0 0.927962 0.9062 0.0249089 0.0389445
0 0.197021 0.845707 0.0897992 0.0920806
0 0.810003 0.704803 0.0702789 0.076311
0 0.829536 0.747736 0.0641398 0.0964704
