0 0.575791 0.520115 0.0568244 0.0733405
0 0.658701 0.659548 0.0714564 0.0640365
0 0.798222 0.687518 0.0612702 0.0615697
0 0.39533 0.379058 0.0340747 0.0285999
0 0.814773 0.759964 0.059671 0.0357264
0 0.199683 0.696692 0.025455 0.0564244
0 0.382526 0.4583 0.0291297 0.0238602
0 0.211842 0.855951 0.051108 0.123289
0 0.520877 0.166012 0.0205777 0.0672757
0 0.593547 0.370882 0.048545 0.0958332
0 0.629862 0.527996 0.0375087 0.0540645
0 0.123364 0.736756 0.0347357 0.0998662
0 0.601967 0.415493 0.0387901 0.100317
0 0.605139 0.427055 0.0315348 0.0731487
0 0.480724 0.717163 0.0355612 0.0500946
0 0.213263 0.845302 0.0593057 0.0946426
0 0.216777 0.879212 0.0378268 0.121353
0 0.58901 0.360262 0.0403702 0.0765198
0 0.593962 0.390757 0.0530961 0.128132
