0 0.837512 0.758577 0.0452443 0.0484889
0 0.191361 0.681435 0.0390607 0.0691879
0 0.468399 0.830252 0.0436422 0.0393788
0 0.213886 0.844367 0.0577936 0.0829082
0 0.673526 0.658987 0.0546007 0.0497961
0 0.396237 0.453843 0.0309991 0.0204449
0 0.802656 0.686335 0.0571122 0.0582895
0 0.569391 0.492091 0.0532304 0.0845929
0 0.583089 0.342047 0.0771042 0.120348
0 0.581884 0.360402 0.0732068 0.109625
0 0.745383 0.623945 0.0432386 0.0812491
0 0.606962 0.463017 0.057004 0.120026
0 0.586085 0.376379 0.0845914 0.127301
0 0.577047 0.320916 0.061662 0.0998987
0 0.934966 0.906149 0.0336441 0.0370492
0 0.12937 0.721638 0.0383417 0.0909214
0 0.186784 0.684028 0.0483602 0.0877721
0 0.608148 0.437142 0.0403826 0.0995445
