0 0.480993 0.707002 0.049729 0.0621024
0 0.833334 0.763854 0.0481056 0.0464673
0 0.542241 0.931796 0.0236567 0.0594721
0 0.191609 0.692578 0.0368102 0.0588816
0 0.80447 0.693696 0.0528439 0.0603709
0 0.668252 0.661848 0.0614716 0.0522151
0 0.217027 0.84679 0.058812 0.0881221
0 0.388782 0.453487 0.0253482 0.0221131
0 0.58037 0.524908 0.0859778 0.111041
0 0.592774 0.375647 0.0493023 0.0965279
0 0.74615 0.635576 0.0306051 0.0483534
0 0.930483 0.905697 0.0281072 0.0387228
0 0.221476 0.914936 0.0321243 0.0656593
0 0.596663 0.414708 0.0546372 0.122509
0 0.592542 0.38814 0.0560348 0.117486
0 0.124211 0.727084 0.0349222 0.0926127
0 0.572704 0.513501 0.0613954 0.0882734
0 0.60641 0.432761 0.0412422 0.0811524
