0 0.604902 0.604326 0.037926 0.044719
0 0.113728 0.757669 0.0292306 0.0267177
0 0.837012 0.759493 0.0463614 0.0771356
0 0.18514 0.666099 0.0368208 0.0605707
0 0.654507 0.480138 0.0358336 0.0614071
0 0.53944 0.465724 0.0281711 0.0827955
0 0.333579 0.232062 0.0212067 0.0372323
0 0.64434 0.156333 0.0218775 0.0535406
0 0.0795411 0.506794 0.0362546 0.0249124
0 0.906799 0.887428 0.0335828 0.052743
0 0.151286 0.4211 0.0276027 0.0497415
0 0.0245323 0.614974 0.0318523 0.0588024
0 0.540739 0.282876 0.0208019 0.036069
0 0.457786 0.681671 0.10881 0.123508
0 0.452935 0.664549 0.100388 0.0958817
0 0.101451 0.471633 0.0391194 0.0496057
0 0.506088 0.224997 0.0227855 0.0433758
0 0.484042 0.730438 0.0973018 0.128433
0 0.10593 0.471819 0.0342068 0.0570148
0 0.461497 0.701594 0.11663 0.139539
