0 0.837961 0.756439 0.041023 0.0482366
0 0.192017 0.680666 0.037813 0.0690854
0 0.565262 0.0475753 0.0655497 0.0491059
0 0.210218 0.840979 0.0574001 0.0809786
0 0.138083 0.450418 0.0241752 0.0530207
0 0.71731 0.56479 0.0793509 0.0726407
0 0.803029 0.682377 0.0563025 0.0607426
0 0.671413 0.655537 0.0533416 0.047233
0 0.588898 0.369292 0.0714524 0.102451
0 0.398054 0.444448 0.0251039 0.0223689
0 0.934318 0.893935 0.0313842 0.0469167
0 0.574063 0.488451 0.0593119 0.0725937
0 0.615743 0.47803 0.063128 0.105889
0 0.627217 0.48828 0.0400811 0.0779029
0 0.129664 0.719771 0.0390018 0.09312
