0 0.839471 0.755806 0.0386133 0.04849
0 0.191603 0.680512 0.0378505 0.0690691
0 0.558402 0.047645 0.0793742 0.0409533
0 0.931642 0.887992 0.0275952 0.0424107
0 0.671015 0.651676 0.0507493 0.0452685
0 0.46108 0.706654 0.0542943 0.0591559
0 0.802031 0.681166 0.0595863 0.0661709
0 0.573668 0.47864 0.0631727 0.0524296
0 0.213949 0.846922 0.0556193 0.0843737
0 0.140329 0.836487 0.0539948 0.0500028
0 0.74367 0.619398 0.0372654 0.0812416
0 0.622164 0.477011 0.0499916 0.0955264
0 0.585785 0.372369 0.0679789 0.121192
0 0.586536 0.353217 0.0679963 0.0823227
0 0.398431 0.442144 0.0265059 0.0250553
0 0.631254 0.489827 0.030564 0.0675852
0 0.145301 0.840817 0.0608425 0.0660219
0 0.127657 0.718389 0.0368474 0.0867808
0 0.167144 0.844921 0.0813413 0.0793278
0 0.591434 0.462688 0.0957382 0.125423
