0 0.834161 0.766433 0.0486045 0.0463269
0 0.804488 0.696534 0.054601 0.0624063
0 0.484608 0.714535 0.0519111 0.0722768
0 0.190581 0.694025 0.0408385 0.0691009
0 0.652717 0.652421 0.0614018 0.0577643
0 0.402457 0.390793 0.0301216 0.0304825
0 0.570657 0.519349 0.057448 0.0918974
0 0.215262 0.849375 0.0523406 0.0829067
0 0.386132 0.458135 0.0248221 0.0242571
0 0.74199 0.626932 0.031525 0.05706
0 0.595204 0.376845 0.0518109 0.0941514
0 0.597208 0.407392 0.0419517 0.101725
0 0.927994 0.906573 0.0233397 0.0417349
0 0.123842 0.730569 0.0363407 0.0951524
0 0.227646 0.929402 0.0209664 0.0320468
0 0.604773 0.428566 0.032129 0.0649606
