0 0.587345 0.548429 0.0369118 0.0395352
0 0.179086 0.638335 0.0391584 0.0501914
0 0.879478 0.786227 0.0487598 0.0376872
0 0.573475 0.81794 0.0361823 0.0623598
0 0.577378 0.478644 0.0317936 0.0372358
0 0.939009 0.88629 0.0438547 0.0634255
0 0.137677 0.485723 0.022694 0.0448824
0 0.400747 0.447486 0.0265527 0.0244845
0 0.479639 0.658556 0.0598723 0.0802777
0 0.68065 0.490156 0.0287859 0.0634974
0 0.121973 0.376999 0.0310474 0.0594426
0 0.554326 0.149114 0.0208642 0.0524249
0 0.768384 0.614758 0.0984976 0.109789
0 0.825448 0.703926 0.0248861 0.0220251
0 0.68136 0.495526 0.037058 0.0764427
0 0.0353163 0.617226 0.0255947 0.0644493
0 0.0784464 0.484622 0.0271536 0.0208647
0 0.118344 0.740677 0.022367 0.0197409
0 0.304 0.378716 0.0201758 0.0281625
