0 0.54173 0.293056 0.023752 0.0553746
0 0.545659 0.486489 0.03328 0.064256
0 0.652114 0.480529 0.0423512 0.0521928
0 0.0950632 0.480033 0.0629115 0.0760698
0 0.73491 0.592742 0.0688891 0.0875771
0 0.32591 0.20168 0.0499737 0.103177
0 0.123375 0.769079 0.0340163 0.0290463
0 0.90382 0.871869 0.0318031 0.0366423
0 0.219357 0.916051 0.0419604 0.101852
0 0.846994 0.780272 0.0310922 0.0599549
0 0.182727 0.661438 0.0282862 0.0469284
0 0.799152 0.710789 0.0243311 0.0305061
0 0.369554 0.729555 0.0236531 0.0187384
0 0.0266294 0.633464 0.0343282 0.093626
0 0.511243 0.743671 0.0391335 0.0905645
0 0.3965 0.587121 0.0308828 0.0327133
0 0.440667 0.655606 0.0792751 0.113299
0 0.224105 0.925659 0.0345988 0.0794425
0 0.506488 0.731715 0.042836 0.107118
0 0.506607 0.228634 0.0221355 0.0378736
0 0.450384 0.664447 0.0822046 0.124368
0 0.0214315 0.277322 0.0318844 0.0467274
0 0.435575 0.640373 0.0722357 0.0892136
0 0.309078 0.572927 0.0275407 0.047384
