0 0.114448 0.763208 0.0336281 0.02888
0 0.608618 0.608368 0.0302966 0.0411125
0 0.645423 0.172905 0.0226982 0.0782302
0 0.547553 0.47634 0.0368915 0.0804104
0 0.65812 0.479658 0.045978 0.0638637
0 0.18481 0.665193 0.0330857 0.0526781
0 0.391536 0.45398 0.0282496 0.022357
0 0.554884 0.929274 0.0264276 0.0754861
0 0.833848 0.757614 0.0528053 0.0855932
0 0.0793545 0.505755 0.0423852 0.0271074
0 0.150028 0.425245 0.0269576 0.0517317
0 0.541571 0.285336 0.0216433 0.0457441
0 0.90517 0.881126 0.0348305 0.0513587
0 0.0245229 0.617748 0.0328312 0.0615168
0 0.505635 0.225465 0.0246172 0.0454115
0 0.442217 0.650919 0.0986137 0.113677
0 0.723821 0.574863 0.0417006 0.0506226
0 0.101072 0.47496 0.0414765 0.0494
0 0.488299 0.732135 0.0894993 0.121972
0 0.434299 0.639577 0.0835755 0.0878925
0 0.642743 0.180087 0.0219631 0.0752743
0 0.740668 0.597738 0.029134 0.0318406
0 0.490544 0.743281 0.0747516 0.102684
0 0.839693 0.767126 0.0416585 0.07055
0 0.0882546 0.490006 0.0536399 0.0651872
