0 0.652378 0.475873 0.0404153 0.0614048
0 0.733727 0.588443 0.068036 0.0879283
0 0.545487 0.483712 0.03318 0.0698261
0 0.542081 0.291977 0.0224874 0.0516747
0 0.230697 0.942829 0.0305914 0.0695291
0 0.0940621 0.483444 0.0625411 0.0786799
0 0.315085 0.169051 0.047039 0.0964543
0 0.505295 0.740513 0.0431945 0.0966922
0 0.803375 0.711273 0.0337903 0.0383441
0 0.902446 0.870241 0.0285434 0.0286955
0 0.183039 0.660233 0.0290951 0.0406333
0 0.392361 0.454611 0.0264293 0.0193948
0 0.846277 0.778895 0.034667 0.0646448
0 0.125553 0.770402 0.0337117 0.0284703
0 0.0263177 0.636379 0.0360866 0.0907781
0 0.421685 0.635487 0.0857205 0.124067
0 0.647434 0.199348 0.0202308 0.0384033
0 0.505171 0.230232 0.025964 0.0381374
0 0.367524 0.72557 0.0219852 0.0204655
0 0.152242 0.413833 0.0294482 0.04624
0 0.350435 0.266602 0.020813 0.0317332
0 0.502527 0.729529 0.0433708 0.075317
0 0.432799 0.648877 0.0653132 0.0993843
0 0.308731 0.575905 0.0268158 0.0415244
0 0.0243986 0.284926 0.0312545 0.0426731
