0 0.796746 0.690525 0.0555627 0.0603638
0 0.398642 0.380784 0.0323258 0.0259988
0 0.825748 0.76201 0.0501058 0.0400516
0 0.573417 0.51907 0.0552499 0.0768987
0 0.199866 0.699244 0.0251074 0.0540562
0 0.657989 0.65652 0.0692403 0.0609341
0 0.212838 0.846747 0.052741 0.0914341
0 0.383808 0.458255 0.0261858 0.0221885
0 0.479915 0.71183 0.0432543 0.0596228
0 0.594765 0.374619 0.0507674 0.099368
0 0.519939 0.178897 0.0167983 0.0369276
0 0.599622 0.411291 0.04146 0.106076
0 0.122866 0.734198 0.0346985 0.0991395
0 0.628798 0.526186 0.0326012 0.0509706
0 0.126667 0.74477 0.0351848 0.0814123
0 0.605304 0.426949 0.0339509 0.0738041
0 0.217974 0.882635 0.0405964 0.132759
0 0.56852 0.519276 0.0559195 0.0935416
