0 0.419104 0.805522 0.0396608 0.0400409
0 0.639922 0.640741 0.0654795 0.0623083
0 0.927469 0.906024 0.0383067 0.0576822
0 0.199251 0.69396 0.0401619 0.0749741
0 0.829022 0.765633 0.0603995 0.0560019
0 0.509444 0.19211 0.0242641 0.0639925
0 0.56289 0.499146 0.0468121 0.0770367
0 0.81334 0.711818 0.0476594 0.0470259
0 0.219156 0.864083 0.0433751 0.0618418
0 0.02233 0.392649 0.0387717 0.0919085
0 0.487587 0.734034 0.0727645 0.0826944
0 0.121019 0.733811 0.0299172 0.0785512
0 0.0237238 0.399891 0.0333933 0.069936
0 0.582508 0.376177 0.0229208 0.0927858
0 0.585046 0.365017 0.0320647 0.0936376
0 0.618482 0.322481 0.043533 0.084113
0 0.214514 0.857892 0.0406518 0.0793335
0 0.383725 0.462397 0.022236 0.0220943
0 0.614419 0.333845 0.0538759 0.112188
