0 0.911951 0.893962 0.0418367 0.0622671
0 0.608643 0.609314 0.0443401 0.0503461
0 0.0754755 0.510453 0.0282918 0.0218883
0 0.193052 0.678931 0.0453937 0.0676467
0 0.656395 0.490436 0.040802 0.0715801
0 0.828036 0.744759 0.06183 0.0812963
0 0.644836 0.158777 0.0201995 0.0415077
0 0.150059 0.425041 0.024717 0.0530751
0 0.541541 0.471829 0.0311007 0.0842289
0 0.504433 0.224767 0.026262 0.0466018
0 0.578328 0.396118 0.017041 0.0548167
0 0.0225086 0.612248 0.0286354 0.0519102
0 0.539786 0.285804 0.0204643 0.0383307
0 0.330954 0.229077 0.0193602 0.0253325
0 0.487455 0.728205 0.0884809 0.124467
0 0.452255 0.67039 0.0876466 0.079195
0 0.445629 0.665152 0.0701932 0.0712653
0 0.469732 0.709818 0.104941 0.13064
0 0.460148 0.689409 0.101171 0.110711
0 0.108942 0.755295 0.0251377 0.0233643
0 0.489582 0.742442 0.0729729 0.0998596
