0 0.485477 0.715546 0.0460551 0.0603846
0 0.119398 0.506505 0.0506947 0.0897505
0 0.191377 0.69258 0.0401103 0.0688822
0 0.658581 0.656362 0.0696859 0.0642241
0 0.386555 0.457651 0.0256227 0.0257754
0 0.571618 0.51839 0.0579911 0.0945495
0 0.212684 0.84866 0.0582879 0.0839506
0 0.931316 0.908938 0.0277522 0.0377948
0 0.593994 0.377114 0.0503893 0.0953166
0 0.744389 0.628534 0.0347815 0.0620446
0 0.821104 0.728654 0.081684 0.125574
0 0.402091 0.391784 0.0277771 0.0327783
0 0.123988 0.730716 0.0355093 0.0969026
0 0.596349 0.411594 0.0579085 0.122797
0 0.194756 0.845402 0.0936295 0.0937116
0 0.605273 0.432032 0.0417559 0.0822576
0 0.809432 0.705353 0.0694411 0.0786458
