0 0.114299 0.763598 0.0305591 0.0281875
0 0.733267 0.589167 0.0629275 0.0815902
0 0.185491 0.666739 0.0337943 0.0538011
0 0.546431 0.481748 0.0361876 0.0804463
0 0.647991 0.201496 0.0203291 0.0536258
0 0.656059 0.485384 0.0390782 0.0670423
0 0.836089 0.759102 0.0477631 0.0850981
0 0.390889 0.455868 0.0252042 0.0214531
0 0.906754 0.885842 0.036589 0.0585777
0 0.150277 0.421718 0.0252602 0.0448401
0 0.541591 0.284554 0.0200572 0.0450351
0 0.611714 0.612932 0.0264227 0.0341009
0 0.0902171 0.481233 0.0573937 0.0577867
0 0.506011 0.224203 0.0243481 0.0469235
0 0.0817187 0.502015 0.0453085 0.0321161
0 0.503378 0.737122 0.046782 0.11229
0 0.0241192 0.616446 0.0318711 0.058948
0 0.425878 0.641399 0.0905699 0.123765
0 0.424974 0.627579 0.078383 0.0935413
0 0.310798 0.152987 0.032986 0.0509721
0 0.839918 0.767163 0.0410428 0.0727923
0 0.579796 0.401435 0.0205309 0.0412183
0 0.500338 0.725223 0.0446047 0.0901237
0 0.432395 0.656382 0.0768133 0.105358
