0 0.418905 0.807151 0.0386517 0.0382692
0 0.64 0.641961 0.0625231 0.0641358
0 0.489978 0.738249 0.0692751 0.0769746
0 0.830506 0.766338 0.0601459 0.0566932
0 0.509629 0.18332 0.0306203 0.0787476
0 0.199901 0.694796 0.037453 0.0752062
0 0.561857 0.498109 0.0444181 0.0737917
0 0.811324 0.708664 0.0499799 0.0483224
0 0.0256813 0.410672 0.0420717 0.092605
0 0.928241 0.906724 0.0293924 0.0509775
0 0.219317 0.863718 0.0435085 0.0681136
0 0.120836 0.736767 0.0299631 0.0811464
0 0.582463 0.374976 0.0241227 0.0909214
0 0.585414 0.363876 0.0352823 0.0964819
0 0.384444 0.46262 0.0249296 0.0224872
0 0.61302 0.339315 0.0537734 0.10282
0 0.617004 0.327859 0.0424271 0.0804737
0 0.027585 0.423452 0.0399589 0.0729464
