0 0.114081 0.763396 0.0316547 0.0284683
0 0.609045 0.608062 0.0294904 0.0380881
0 0.835496 0.758921 0.048955 0.0809889
0 0.546587 0.477111 0.0383005 0.0796251
0 0.185065 0.668398 0.0361564 0.0594103
0 0.64564 0.173549 0.0244181 0.0842747
0 0.654343 0.481015 0.0375249 0.064615
0 0.0789561 0.507053 0.0330173 0.025283
0 0.545909 0.888648 0.0430126 0.113295
0 0.391244 0.454253 0.0283129 0.0214499
0 0.542965 0.877806 0.035827 0.0856347
0 0.905478 0.884058 0.0353696 0.0552517
0 0.150391 0.424929 0.0260349 0.0505933
0 0.540451 0.282715 0.0265737 0.0476394
0 0.0243508 0.618591 0.0333999 0.0686855
0 0.549163 0.904434 0.0285158 0.0792189
0 0.438932 0.636971 0.092554 0.0869017
0 0.44823 0.656196 0.108822 0.124448
0 0.505421 0.225084 0.0244696 0.0437597
0 0.502279 0.751606 0.0591694 0.0996859
0 0.458801 0.677016 0.117212 0.13991
0 0.109769 0.464913 0.0256203 0.0459893
