0 0.837754 0.757978 0.0441058 0.0511086
0 0.190214 0.681216 0.0390834 0.0681262
0 0.672467 0.659442 0.0539752 0.047996
0 0.397154 0.450295 0.0321091 0.0229221
0 0.803888 0.685505 0.0533509 0.0583932
0 0.215516 0.845818 0.0608933 0.0908256
0 0.696526 0.542046 0.0720553 0.0719678
0 0.585019 0.370378 0.0757334 0.10272
0 0.570962 0.493754 0.056289 0.0845152
0 0.934375 0.897416 0.0309427 0.0427995
0 0.124036 0.723627 0.0365441 0.0977051
0 0.748186 0.632964 0.0354948 0.0562859
0 0.186247 0.685071 0.0482286 0.0864058
