0 0.11435 0.763275 0.0349878 0.031667
0 0.607032 0.606165 0.0348651 0.0442853
0 0.185632 0.667859 0.0349703 0.0563926
0 0.653548 0.47835 0.0365784 0.0588702
0 0.425453 0.636643 0.0579281 0.0721401
0 0.906276 0.887119 0.0395224 0.0561361
0 0.834703 0.757981 0.0502293 0.0835886
0 0.0791845 0.508737 0.0334995 0.0216393
0 0.541696 0.284447 0.0215993 0.0466604
0 0.644956 0.157772 0.0201602 0.0522679
0 0.54308 0.469559 0.035538 0.079119
0 0.149936 0.421205 0.0245338 0.0477129
0 0.0243721 0.619109 0.0319737 0.0655637
0 0.50611 0.226245 0.0236158 0.0430635
0 0.504434 0.747352 0.0607728 0.125507
0 0.509409 0.762355 0.0669966 0.12798
0 0.495496 0.73211 0.0443891 0.0913105
0 0.108029 0.468595 0.0233869 0.0418485
0 0.511446 0.779223 0.0594279 0.100905
0 0.83927 0.766939 0.0419016 0.0704706
