0 0.83402 0.763933 0.0485375 0.0496664
0 0.190668 0.68971 0.0383487 0.0645105
0 0.125145 0.493377 0.0557637 0.0857511
0 0.483539 0.711294 0.0530732 0.062891
0 0.524438 0.830756 0.074793 0.0679893
0 0.670724 0.660637 0.0625949 0.0540197
0 0.804852 0.691774 0.0590931 0.0627155
0 0.216236 0.846914 0.0572236 0.0893486
0 0.434857 0.626468 0.034076 0.0801487
0 0.391658 0.446659 0.0286279 0.0203764
0 0.202002 0.900212 0.0422295 0.0676121
0 0.580828 0.521414 0.0916759 0.119348
0 0.587616 0.374533 0.0467308 0.10167
0 0.210701 0.856808 0.0593222 0.114069
0 0.57648 0.521532 0.0694113 0.110079
0 0.205993 0.883105 0.0568041 0.116669
0 0.747332 0.628427 0.034341 0.0627048
0 0.571837 0.510323 0.0591788 0.0886213
0 0.929499 0.905852 0.0254972 0.0420601
0 0.592624 0.390767 0.0561075 0.13858
0 0.59479 0.416221 0.058115 0.125368
0 0.595678 0.374142 0.0649655 0.109557
0 0.742275 0.630716 0.0344179 0.0698764
0 0.547027 0.942756 0.0204985 0.0283997
0 0.581039 0.359656 0.0332694 0.0744938
0 0.129217 0.74287 0.0322783 0.0627139
0 0.603121 0.439043 0.0466864 0.106146
0 0.683272 0.654285 0.0871682 0.071876
0 0.129717 0.729672 0.0366856 0.0927765
