0 0.586118 0.546382 0.0384281 0.0417041
0 0.179271 0.638334 0.0397486 0.0537633
0 0.57644 0.476229 0.0299486 0.0340872
0 0.939078 0.885918 0.041599 0.061532
0 0.137525 0.485949 0.0214079 0.0411904
0 0.680588 0.48516 0.0274882 0.0534885
0 0.478537 0.655436 0.0594453 0.0767547
0 0.574457 0.818855 0.0327358 0.0602196
0 0.878872 0.781539 0.0518978 0.0395632
0 0.400333 0.445093 0.0250534 0.0251307
0 0.589045 0.921412 0.0269694 0.0487299
0 0.553201 0.146425 0.0184147 0.0478527
0 0.767882 0.614313 0.0965846 0.10856
0 0.828369 0.702913 0.0288794 0.021132
0 0.303766 0.378554 0.0200362 0.0284579
0 0.0356232 0.617388 0.0252879 0.0606382
0 0.115871 0.737651 0.0188126 0.0176691
0 0.110875 0.426048 0.0229576 0.0489833
0 0.0782973 0.482253 0.024008 0.0181922
