0 0.416178 0.799789 0.0401118 0.0407107
0 0.639959 0.641845 0.0646001 0.0656383
0 0.926903 0.90682 0.0302176 0.0506077
0 0.200216 0.695981 0.0388099 0.0723456
0 0.508883 0.190185 0.0270097 0.065957
0 0.560365 0.498902 0.0491519 0.0747983
0 0.811794 0.712555 0.0536697 0.0590972
0 0.0184128 0.378736 0.0327914 0.0808321
0 0.490707 0.737234 0.0666593 0.0779667
0 0.217696 0.862257 0.044476 0.0670536
0 0.826243 0.75882 0.0557548 0.0523238
0 0.121251 0.735667 0.0312794 0.07744
0 0.583748 0.376549 0.0231152 0.0840063
0 0.612148 0.317625 0.059355 0.0944503
0 0.58462 0.364093 0.028033 0.09671
0 0.383385 0.462518 0.0245419 0.0224392
0 0.818539 0.727656 0.05988 0.0985177
0 0.214339 0.857559 0.0456499 0.0843492
0 0.623419 0.312855 0.0399497 0.089875
0 0.623904 0.521788 0.0374874 0.0415308
0 0.145739 0.439814 0.019156 0.0325422
0 0.824305 0.748255 0.0601604 0.0743008
