0 0.193733 0.68068 0.040913 0.0653648
0 0.919663 0.895802 0.0488896 0.0667605
0 0.551591 0.492777 0.0361494 0.0711221
0 0.68032 0.534699 0.0427119 0.0601559
0 0.583323 0.396688 0.023808 0.0810259
0 0.373511 0.435049 0.0514424 0.0945336
0 0.621656 0.622827 0.032176 0.0399563
0 0.391535 0.76421 0.0315871 0.0260866
0 0.821707 0.72166 0.0541104 0.069272
0 0.834921 0.763204 0.0445871 0.0611823
0 0.507259 0.217363 0.0219417 0.0481978
0 0.736486 0.5927 0.0479 0.0717378
0 0.467641 0.661906 0.04874 0.0801842
0 0.488396 0.725129 0.0913208 0.107213
0 0.108758 0.75794 0.0240594 0.0181959
0 0.631044 0.289691 0.0269796 0.0614874
0 0.147185 0.431925 0.0188405 0.029937
0 0.470493 0.682579 0.0682588 0.126663
0 0.490489 0.739072 0.0840105 0.0871449
0 0.48211 0.711949 0.0943445 0.144943
0 0.743409 0.598598 0.0492547 0.0668068
0 0.376157 0.421101 0.0460796 0.0681567
