0 0.1391 0.458462 0.0235639 0.0597411
0 0.488047 0.715516 0.0530661 0.0736667
0 0.190346 0.695442 0.0409811 0.0678909
0 0.401755 0.390929 0.028663 0.0340779
0 0.657057 0.654855 0.0653684 0.0611948
0 0.570602 0.521878 0.0549815 0.0929769
0 0.386498 0.457069 0.0257142 0.0258154
0 0.216069 0.849674 0.0521116 0.082046
0 0.743686 0.627483 0.035398 0.063874
0 0.930712 0.908157 0.0261729 0.0351876
0 0.593775 0.373796 0.0495214 0.0947219
0 0.822709 0.73159 0.0817327 0.12996
0 0.123933 0.729363 0.0341363 0.0881323
0 0.599032 0.411227 0.0403702 0.0986937
0 0.605862 0.431282 0.0298564 0.062309
0 0.830245 0.747028 0.0636145 0.0937556
0 0.81096 0.704906 0.0664632 0.0741527
