0 0.546553 0.488192 0.0332588 0.0632086
0 0.541719 0.290391 0.0210154 0.0490494
0 0.222091 0.92428 0.0374838 0.0878041
0 0.122082 0.767981 0.0319478 0.0244536
0 0.735768 0.59251 0.0666971 0.0885665
0 0.0937814 0.481705 0.0622639 0.0750116
0 0.653511 0.478913 0.0413866 0.0600221
0 0.323937 0.189734 0.0480515 0.0975847
0 0.902146 0.871205 0.0294921 0.0343802
0 0.84634 0.777626 0.0354607 0.0717874
0 0.393652 0.454241 0.024334 0.0185801
0 0.183858 0.662957 0.0301999 0.0442448
0 0.513135 0.751002 0.0292672 0.0761764
0 0.506372 0.732385 0.0328517 0.0907502
0 0.0258642 0.632577 0.0333204 0.0875046
0 0.36768 0.725424 0.0219026 0.0209949
0 0.801322 0.712576 0.0215957 0.0331732
0 0.424149 0.627027 0.0885464 0.111548
0 0.152287 0.412644 0.0290065 0.0457234
0 0.414807 0.608114 0.0704597 0.072528
0 0.434952 0.645091 0.100058 0.143641
0 0.0217148 0.276073 0.0351962 0.0532459
0 0.446497 0.659225 0.0803185 0.114412
0 0.507186 0.231889 0.0213243 0.0324659
0 0.309428 0.574139 0.028827 0.0464852
0 0.506299 0.719763 0.0361184 0.0838182
0 0.902793 0.872886 0.0343344 0.0500915
