0 0.456265 0.825412 0.0411744 0.0345194
0 0.838813 0.760711 0.0449941 0.0498984
0 0.190489 0.683516 0.0389801 0.0683931
0 0.675308 0.662377 0.0487978 0.0419542
0 0.801822 0.685811 0.0567939 0.0604187
0 0.215099 0.84921 0.0555844 0.0772262
0 0.395035 0.4447 0.0272449 0.0212313
0 0.578147 0.368506 0.0572755 0.0874386
0 0.571987 0.489264 0.0562727 0.0926643
0 0.567644 0.290428 0.0343008 0.0640886
0 0.747198 0.625776 0.0340009 0.0538638
0 0.609704 0.442391 0.0317965 0.0794963
0 0.60873 0.463622 0.051461 0.115386
0 0.452183 0.645381 0.0333601 0.0360943
0 0.931588 0.898791 0.0260459 0.0445743
0 0.130127 0.72269 0.0379883 0.0899134
0 0.186875 0.684729 0.0470611 0.0830803
