0 0.916373 0.89405 0.0440865 0.0647258
0 0.192884 0.684103 0.0442583 0.0715339
0 0.620175 0.620919 0.0374472 0.0454628
0 0.549326 0.489617 0.0370023 0.0721076
0 0.669504 0.520978 0.0377984 0.0803881
0 0.581862 0.397622 0.0249646 0.0746927
0 0.641343 0.246166 0.025153 0.0630807
0 0.148201 0.429476 0.0223293 0.0464785
0 0.108979 0.761392 0.0248494 0.0226125
0 0.332123 0.237998 0.0261612 0.0470544
0 0.5071 0.21616 0.0246094 0.0520035
0 0.82987 0.752944 0.052789 0.0815942
0 0.823005 0.734576 0.0573074 0.0739393
0 0.476249 0.682441 0.068681 0.113626
0 0.541653 0.274249 0.0221925 0.031055
0 0.475038 0.66951 0.0559863 0.0889524
0 0.489054 0.724542 0.0914938 0.120655
0 0.490891 0.742304 0.0827751 0.0898613
0 0.074351 0.507137 0.0279306 0.0196136
0 0.380941 0.743255 0.0343031 0.0205476
0 0.0328152 0.609638 0.0337825 0.0309999
0 0.479392 0.704732 0.0888989 0.148122
