0 0.402541 0.391255 0.030868 0.0364776
0 0.486247 0.714744 0.0477239 0.0584943
0 0.190552 0.690958 0.0399126 0.0688542
0 0.661609 0.656594 0.0709307 0.061257
0 0.387059 0.457575 0.0265006 0.0256867
0 0.57303 0.522359 0.0624213 0.0976241
0 0.210828 0.848638 0.0638022 0.0838318
0 0.0941212 0.566042 0.0382294 0.0706487
0 0.592839 0.375915 0.0500348 0.0975233
0 0.746119 0.631709 0.0373867 0.0673096
0 0.820891 0.729242 0.0800514 0.129189
0 0.930555 0.906998 0.0254762 0.0377614
0 0.596658 0.411253 0.0544816 0.121441
0 0.19752 0.845718 0.0930303 0.0934677
0 0.606953 0.431664 0.0367309 0.0796601
0 0.123775 0.728478 0.037949 0.100568
0 0.456683 0.623605 0.0242057 0.0359442
0 0.808787 0.704363 0.0676432 0.0801098
0 0.828782 0.745714 0.0617404 0.0942552
