0 0.419295 0.805283 0.0417788 0.0392263
0 0.641973 0.643703 0.0625234 0.0657582
0 0.54021 0.85445 0.0479758 0.07236
0 0.198904 0.694472 0.0375087 0.0714529
0 0.562752 0.500236 0.0485752 0.0727319
0 0.930622 0.904405 0.0406864 0.0548488
0 0.490567 0.736227 0.067013 0.0757179
0 0.810388 0.7082 0.0572393 0.0647593
0 0.83092 0.766742 0.0586152 0.0597956
0 0.21965 0.86591 0.0413021 0.0629692
0 0.510457 0.164375 0.0285531 0.065515
0 0.12082 0.735955 0.0299848 0.0804436
0 0.02821 0.514839 0.0363034 0.0983973
0 0.582244 0.376981 0.0277779 0.0988148
0 0.586437 0.366396 0.0418937 0.0989428
0 0.609752 0.345191 0.041319 0.0892459
0 0.605436 0.358 0.0562987 0.113979
0 0.215553 0.858921 0.0390667 0.0802221
0 0.815391 0.723395 0.0634565 0.105932
0 0.383732 0.462879 0.022378 0.0231606
