0 0.547082 0.490446 0.0324247 0.0586118
0 0.122853 0.768783 0.035676 0.0285468
0 0.541959 0.292695 0.0228233 0.0530784
0 0.093023 0.48144 0.0611538 0.0723022
0 0.734697 0.591025 0.0682051 0.0859215
0 0.65298 0.481581 0.0393925 0.0498507
0 0.846283 0.777902 0.0330021 0.0571653
0 0.219714 0.9127 0.0402359 0.0968696
0 0.327926 0.215506 0.0489631 0.0940314
0 0.904247 0.875717 0.0330938 0.0449289
0 0.183157 0.65959 0.0287815 0.0411712
0 0.33167 0.221131 0.0536621 0.116794
0 0.0268939 0.633323 0.0344342 0.092021
0 0.804667 0.713975 0.0240881 0.0346968
0 0.369277 0.727875 0.0234284 0.0174328
0 0.397347 0.587827 0.0347813 0.0334108
0 0.442781 0.654654 0.0840416 0.118593
0 0.151955 0.413934 0.0282245 0.0443932
0 0.506249 0.741129 0.0425687 0.0927083
0 0.224426 0.924756 0.0331413 0.0734241
0 0.492559 0.728926 0.0694032 0.108088
0 0.436459 0.638532 0.0753763 0.0964071
0 0.454722 0.667065 0.0906634 0.127972
0 0.324786 0.202355 0.0427851 0.0676513
0 0.50719 0.230599 0.020514 0.0334928
0 0.0222488 0.277177 0.0371502 0.055857
