0 0.585954 0.54624 0.0393072 0.0438882
0 0.181501 0.640481 0.0415841 0.0567503
0 0.136844 0.486048 0.0243396 0.0421796
0 0.576466 0.475102 0.0288742 0.0340103
0 0.573099 0.816462 0.036199 0.0623701
0 0.590916 0.918121 0.0313032 0.0466082
0 0.936703 0.882645 0.045352 0.064845
0 0.68166 0.490125 0.0319291 0.06391
0 0.400981 0.444213 0.0264212 0.0240656
0 0.88026 0.783258 0.0512547 0.0365438
0 0.481989 0.658587 0.0577043 0.0815345
0 0.553266 0.145918 0.018281 0.0478199
0 0.765725 0.611575 0.0987449 0.116166
0 0.0779469 0.483627 0.0300747 0.0247631
0 0.303928 0.378555 0.0206325 0.0315173
0 0.11782 0.737452 0.0211639 0.0212536
0 0.825897 0.704355 0.0213823 0.0188811
0 0.65845 0.389746 0.0337844 0.0519103
0 0.0355558 0.617796 0.0253356 0.0602925
0 0.44318 0.604283 0.0300618 0.0525491
