0 0.177727 0.615564 0.0379153 0.0495062
0 0.59135 0.537815 0.0340805 0.0343189
0 0.302798 0.302371 0.0293074 0.0658742
0 0.57265 0.457642 0.0361495 0.0465358
0 0.937496 0.869603 0.0473416 0.0677071
0 0.482385 0.666382 0.0653418 0.0958475
0 0.138448 0.464532 0.0217988 0.0440775
0 0.674875 0.466038 0.0468087 0.0808835
0 0.858777 0.718657 0.0369251 0.0481186
0 0.875044 0.774081 0.0390217 0.0465093
0 0.569671 0.927015 0.0611528 0.0843379
0 0.76934 0.594631 0.108962 0.11288
0 0.773319 0.624201 0.101272 0.106753
0 0.403157 0.422822 0.0277131 0.0295668
0 0.0826196 0.463291 0.0273423 0.0284627
0 0.754698 0.575144 0.0829489 0.0835936
0 0.556975 0.919656 0.0368314 0.0747178
0 0.0124637 0.115028 0.0234715 0.0212284
