0 0.482308 0.709209 0.0528725 0.0639813
0 0.541909 0.918911 0.0261621 0.0662251
0 0.193066 0.692539 0.0353552 0.0539267
0 0.668597 0.662172 0.0690894 0.0604415
0 0.213609 0.851368 0.0551845 0.0944324
0 0.5739 0.522522 0.0641026 0.100806
0 0.389173 0.452963 0.0290254 0.0226189
0 0.931473 0.906279 0.0295954 0.0389376
0 0.594123 0.377424 0.0517051 0.0950965
0 0.821298 0.727694 0.0785605 0.126139
0 0.745471 0.630361 0.0327601 0.0594643
0 0.595265 0.412491 0.0550206 0.119443
0 0.604092 0.431298 0.0439687 0.0824713
0 0.684104 0.654607 0.0970424 0.0788848
0 0.808365 0.70483 0.065974 0.077652
0 0.739697 0.633137 0.0287455 0.0590589
0 0.129742 0.730014 0.0397268 0.0997533
0 0.828832 0.742771 0.0597874 0.0907588
