0 0.190924 0.69273 0.0395433 0.0651679
0 0.487323 0.712879 0.0493982 0.0626352
0 0.661587 0.657313 0.0659459 0.0635954
0 0.387155 0.458026 0.0264597 0.0250198
0 0.573295 0.52232 0.0627398 0.0943657
0 0.21189 0.848412 0.0615918 0.08426
0 0.0944114 0.565043 0.0391997 0.0750673
0 0.821228 0.729034 0.0798949 0.124264
0 0.593442 0.377683 0.0503235 0.09521
0 0.744188 0.628411 0.0321624 0.0652323
0 0.40237 0.391147 0.0276735 0.0342972
0 0.739195 0.631043 0.0288296 0.0721374
0 0.929935 0.907292 0.0228186 0.0343711
0 0.595334 0.410288 0.0563097 0.121227
0 0.128435 0.72696 0.0356299 0.087322
0 0.196654 0.84576 0.0930008 0.0938361
0 0.604828 0.430157 0.0400729 0.0876613
