0 0.508668 0.203774 0.0259969 0.0677798
0 0.199234 0.694584 0.0424042 0.0745575
0 0.923475 0.901091 0.0409508 0.0602863
0 0.553808 0.497066 0.0402304 0.070388
0 0.636693 0.635717 0.0655268 0.0654128
0 0.404686 0.785776 0.0363559 0.0319188
0 0.582873 0.3872 0.0248592 0.0889407
0 0.81914 0.722785 0.0560555 0.0703523
0 0.828159 0.754763 0.0591621 0.0705535
0 0.822287 0.731889 0.0593772 0.0938244
0 0.486416 0.725437 0.0889684 0.106939
0 0.627788 0.304936 0.0354867 0.0882404
0 0.581342 0.3771 0.030607 0.0968773
0 0.383117 0.463188 0.0309743 0.0246518
0 0.491061 0.739222 0.0777274 0.0875632
0 0.613513 0.307399 0.0630991 0.0959645
0 0.582916 0.395902 0.0214634 0.0640715
0 0.14648 0.438928 0.0194718 0.0331039
0 0.477021 0.704368 0.0695259 0.0802157
