0 0.191831 0.682962 0.0372543 0.0582592
0 0.835136 0.76188 0.0474634 0.0516154
0 0.479654 0.701762 0.0390913 0.0482211
0 0.214278 0.843879 0.0601823 0.0849354
0 0.804626 0.688269 0.0600531 0.0604556
0 0.67471 0.663711 0.0570579 0.0509248
0 0.581934 0.368675 0.0264065 0.0889875
0 0.589529 0.520188 0.0980272 0.135585
0 0.747308 0.630444 0.0335437 0.0490155
0 0.392005 0.444225 0.0282503 0.0202934
0 0.606637 0.435695 0.0311286 0.0915374
0 0.933409 0.90526 0.0308917 0.0394559
0 0.580407 0.517637 0.077178 0.119552
0 0.609298 0.450348 0.0348797 0.100534
0 0.460875 0.866241 0.0209566 0.0252368
0 0.587176 0.534212 0.0824821 0.115065
0 0.574689 0.506604 0.0613496 0.0974753
