0 0.605496 0.604688 0.037226 0.0438226
0 0.837199 0.760018 0.0450706 0.0765336
0 0.113447 0.759884 0.0304238 0.0245306
0 0.653907 0.480654 0.0390146 0.0636352
0 0.904447 0.88499 0.0378206 0.0566044
0 0.185667 0.666953 0.0357581 0.0594347
0 0.644117 0.154731 0.0229223 0.0637479
0 0.541231 0.467017 0.0309649 0.0845543
0 0.0805144 0.50735 0.0395689 0.029882
0 0.33278 0.232323 0.0215957 0.0348182
0 0.541493 0.283803 0.0210458 0.0429785
0 0.150442 0.423155 0.0244347 0.0466808
0 0.0241226 0.619081 0.0314508 0.0624933
0 0.506576 0.225278 0.0222943 0.0432441
0 0.0987531 0.475591 0.0408659 0.0460621
0 0.448513 0.660456 0.0897713 0.0938431
0 0.487792 0.727969 0.0891423 0.122269
0 0.456658 0.673119 0.115135 0.121798
0 0.0907174 0.489891 0.0508496 0.0660907
0 0.203927 0.976695 0.0193132 0.027339
