0 0.41917 0.803566 0.0436466 0.0475724
0 0.641835 0.642905 0.0643866 0.0650724
0 0.831406 0.767945 0.0567081 0.0536845
0 0.198016 0.692504 0.0352884 0.0742732
0 0.220158 0.86347 0.0437858 0.066967
0 0.508354 0.181332 0.0271157 0.0727102
0 0.92689 0.902141 0.0353906 0.054504
0 0.560318 0.497688 0.0459211 0.0763419
0 0.81283 0.706235 0.0526729 0.0586861
0 0.490345 0.736317 0.0657672 0.078745
0 0.0263253 0.412836 0.0444137 0.096512
0 0.120289 0.734602 0.0289569 0.0766721
0 0.581501 0.376132 0.0250428 0.0930662
0 0.58737 0.365219 0.0416492 0.100945
0 0.610889 0.34205 0.0570682 0.100374
0 0.383695 0.46296 0.0258238 0.0227036
0 0.616183 0.32943 0.0402539 0.077078
