0 0.634281 0.643843 0.0378819 0.038805
0 0.57178 0.369423 0.0295246 0.0869197
0 0.32388 0.49198 0.0459278 0.0887796
0 0.510303 0.182612 0.0281744 0.0693986
0 0.201737 0.705857 0.0205557 0.0583111
0 0.117726 0.745085 0.0286811 0.0946348
0 0.616387 0.512842 0.0849886 0.101609
0 0.209275 0.861333 0.0571045 0.113727
0 0.780467 0.712508 0.0851591 0.079385
0 0.211027 0.877673 0.0483358 0.11925
0 0.115385 0.731194 0.0239489 0.0743926
0 0.21407 0.898865 0.0328643 0.0664394
0 0.629281 0.520992 0.116248 0.111405
