0 0.608401 0.6076 0.0340999 0.0431961
0 0.1147 0.764346 0.0336361 0.0297813
0 0.645007 0.168721 0.0265942 0.0860721
0 0.836037 0.759566 0.0476077 0.0812119
0 0.904598 0.882539 0.0374856 0.0518763
0 0.545906 0.474978 0.0383992 0.0868191
0 0.186223 0.667569 0.0365306 0.0627571
0 0.65556 0.482608 0.0359825 0.0603284
0 0.150128 0.421124 0.0284155 0.0466433
0 0.0819686 0.506072 0.0411146 0.032463
0 0.0247202 0.61805 0.0345852 0.0687194
0 0.434717 0.649225 0.0824092 0.107225
0 0.540105 0.283561 0.0262568 0.0444476
0 0.506706 0.224268 0.0227344 0.0456979
0 0.428364 0.637122 0.0697589 0.0794489
0 0.0989467 0.476772 0.0363039 0.0440952
0 0.644056 0.177833 0.0217969 0.0671114
0 0.533196 0.850102 0.0514553 0.123662
0 0.539124 0.867767 0.0370262 0.0927281
0 0.0885159 0.49252 0.0489586 0.0630769
0 0.528546 0.82857 0.0598279 0.134212
0 0.500356 0.721998 0.0485509 0.0972027
