0 0.586133 0.542985 0.0340365 0.0392663
0 0.178276 0.631839 0.0368645 0.0435363
0 0.135743 0.482215 0.0236559 0.0408041
0 0.588567 0.914181 0.0297378 0.0478135
0 0.575225 0.817587 0.033892 0.0547016
0 0.93877 0.882653 0.0492336 0.0636648
0 0.878433 0.7821 0.0524026 0.0412254
0 0.145042 0.387015 0.0199723 0.0423798
0 0.676787 0.465589 0.055719 0.0939362
0 0.552435 0.139793 0.019331 0.0455483
0 0.0584042 0.516623 0.0303469 0.0705308
0 0.480832 0.656726 0.0627576 0.0882235
0 0.826995 0.702824 0.025862 0.0236541
0 0.767081 0.609243 0.0996149 0.116049
0 0.507339 0.712484 0.0336392 0.0684881
0 0.573866 0.469796 0.0306849 0.0341427
0 0.498863 0.691002 0.049741 0.111619
0 0.119192 0.736357 0.0232654 0.0214314
0 0.401383 0.440743 0.0270096 0.0287762
0 0.691074 0.507541 0.0382361 0.0612966
0 0.673791 0.455227 0.0484607 0.0743622
