0 0.860388 0.772887 0.0612128 0.0444643
0 0.189475 0.671599 0.0420464 0.0690715
0 0.579708 0.502938 0.0542078 0.0640564
0 0.394933 0.450063 0.0288744 0.0247572
0 0.623316 0.354231 0.0828788 0.0845909
0 0.209229 0.840527 0.0434756 0.0661149
0 0.133639 0.459294 0.0450526 0.081393
0 0.523891 0.0519617 0.0808826 0.0377797
0 0.0570153 0.433125 0.0307964 0.0890486
0 0.653104 0.53739 0.0359626 0.0357386
0 0.565935 0.810656 0.0277671 0.0398636
0 0.784886 0.654481 0.101292 0.121428
0 0.791245 0.678205 0.0903667 0.077141
0 0.513565 0.0507278 0.0618212 0.0344235
0 0.781181 0.637523 0.0888693 0.0912681
0 0.769274 0.632119 0.0763245 0.0912297
0 0.122914 0.720167 0.0323139 0.0706966
0 0.657496 0.540232 0.0363219 0.0382473
0 0.187126 0.67422 0.0505179 0.0831833
