0 0.122404 0.768319 0.0329327 0.0269449
0 0.545455 0.483938 0.040439 0.0765365
0 0.0928273 0.480957 0.061769 0.0738804
0 0.541298 0.292256 0.0230215 0.053223
0 0.653558 0.48363 0.0404632 0.0554329
0 0.735862 0.59259 0.0703586 0.0888218
0 0.847385 0.780507 0.0321399 0.0613842
0 0.219796 0.917683 0.0424308 0.100428
0 0.330786 0.216564 0.0536981 0.0953215
0 0.903637 0.872645 0.0314469 0.0363724
0 0.183714 0.659215 0.0331919 0.0456283
0 0.0261345 0.63546 0.0345449 0.0900656
0 0.396218 0.583528 0.0338153 0.0320253
0 0.801729 0.711036 0.0207725 0.0337667
0 0.370297 0.729332 0.02495 0.0170314
0 0.444094 0.656073 0.0858657 0.109222
0 0.223482 0.925718 0.0355139 0.0814729
0 0.50694 0.229908 0.02213 0.036625
0 0.309806 0.574443 0.029034 0.0507727
0 0.50816 0.743812 0.0392231 0.0904026
0 0.153948 0.410419 0.032511 0.0481336
0 0.0189936 0.270544 0.029625 0.0429714
0 0.437242 0.642129 0.0750111 0.0850577
0 0.458874 0.669632 0.100167 0.135989
0 0.490658 0.726236 0.0703218 0.111002
