0 0.202362 0.864622 0.0622998 0.107904
0 0.663464 0.664824 0.0581656 0.0493717
0 0.606511 0.526853 0.104626 0.069183
0 0.121819 0.750697 0.0333777 0.0791395
0 0.447726 0.849041 0.0321288 0.0362663
0 0.598167 0.376786 0.0427594 0.097313
0 0.315742 0.405398 0.0322654 0.0415781
0 0.767298 0.671159 0.105795 0.0806559
0 0.592495 0.374523 0.0526998 0.0838336
0 0.778421 0.744715 0.0848324 0.0326436
0 0.199815 0.853968 0.0510085 0.0928214
0 0.376626 0.461236 0.0310906 0.0205439
0 0.604029 0.39617 0.0254719 0.0671173
