0 0.666682 0.669202 0.0643332 0.0522892
0 0.789015 0.680926 0.0446116 0.0459346
0 0.202605 0.858131 0.0583013 0.112219
0 0.378683 0.457997 0.031185 0.0255746
0 0.782115 0.74473 0.0845942 0.0328641
0 0.605369 0.525614 0.105764 0.0710416
0 0.122178 0.741961 0.0322755 0.0919601
0 0.201933 0.868876 0.0516367 0.0860581
0 0.523771 0.10851 0.0272031 0.091069
0 0.592557 0.376164 0.0516658 0.101641
0 0.601105 0.405975 0.0376053 0.101916
0 0.377311 0.378083 0.0591321 0.0293356
0 0.523381 0.120597 0.023121 0.0585152
0 0.591306 0.388528 0.0573981 0.141484
0 0.197291 0.699454 0.0254494 0.0426253
0 0.587245 0.359334 0.0389837 0.0701285
