0 0.418585 0.805586 0.0392307 0.0379541
0 0.640451 0.64242 0.0651202 0.0665241
0 0.92826 0.906429 0.0322952 0.048887
0 0.559333 0.498024 0.0463983 0.0699544
0 0.828435 0.765687 0.057869 0.0516479
0 0.491299 0.738792 0.0646157 0.0731509
0 0.508567 0.191188 0.0256497 0.0668088
0 0.198652 0.693275 0.0377594 0.0752535
0 0.814924 0.710023 0.0508206 0.0489314
0 0.0219036 0.395525 0.0375783 0.0874551
0 0.220277 0.86438 0.0438338 0.0607957
0 0.12202 0.737745 0.0332004 0.0859573
0 0.384751 0.462367 0.0261039 0.0222496
0 0.614312 0.336417 0.0585513 0.1074
0 0.582508 0.376338 0.0224284 0.0875152
0 0.584686 0.362536 0.0340571 0.101963
0 0.145348 0.435874 0.0205072 0.0374556
0 0.124482 0.742592 0.0424387 0.0729136
0 0.118363 0.732253 0.0266362 0.0785915
