0 0.667693 0.668036 0.0640501 0.0529904
0 0.78972 0.681012 0.0475205 0.0466248
0 0.20012 0.860073 0.0662863 0.1074
0 0.377525 0.45777 0.0309831 0.0248877
0 0.781861 0.74479 0.089239 0.0338845
0 0.604155 0.525756 0.10977 0.0692971
0 0.122042 0.745286 0.0314598 0.0861478
0 0.593966 0.37552 0.0542394 0.0965061
0 0.604883 0.40625 0.0399089 0.100378
0 0.53531 0.0257364 0.0297048 0.0514728
0 0.600207 0.39395 0.0619128 0.131194
0 0.37922 0.378599 0.0574483 0.028326
0 0.198226 0.702852 0.0184308 0.0245833
