0 0.419491 0.805483 0.0397096 0.0402756
0 0.641899 0.643662 0.0636756 0.0653617
0 0.831086 0.767915 0.0571239 0.0540469
0 0.199449 0.694898 0.0367074 0.0717605
0 0.810037 0.704617 0.0519481 0.0587323
0 0.928508 0.905202 0.0293417 0.0477817
0 0.489347 0.735895 0.0652943 0.0752723
0 0.564038 0.49824 0.0511134 0.0741329
0 0.532115 0.842075 0.0435321 0.0671303
0 0.22016 0.864326 0.0417373 0.0596914
0 0.510455 0.169854 0.0270183 0.0561846
0 0.0261682 0.459285 0.0384605 0.100728
0 0.120785 0.732919 0.0282778 0.0768996
0 0.581962 0.377514 0.0233958 0.0942507
0 0.583318 0.367485 0.0308976 0.0958968
0 0.0230259 0.448809 0.0356875 0.0744588
0 0.615845 0.33826 0.0445406 0.0913101
0 0.214542 0.857884 0.0370637 0.080404
0 0.62825 0.52106 0.0293096 0.036158
0 0.383527 0.463029 0.0239759 0.0231071
0 0.61875 0.325092 0.032166 0.065987
