0 0.662892 0.66452 0.0601852 0.0498297
0 0.12125 0.75395 0.0318084 0.0800266
0 0.192312 0.857907 0.0801429 0.0940855
0 0.606295 0.522469 0.107215 0.072012
0 0.604436 0.363671 0.039755 0.0831089
0 0.52893 0.0543385 0.0416696 0.108677
0 0.767296 0.669075 0.109929 0.0937555
0 0.780555 0.745545 0.0923574 0.0338771
0 0.592131 0.363429 0.0514934 0.0836437
0 0.6086 0.356367 0.0323496 0.0732443
0 0.376381 0.46232 0.0327189 0.0216869
0 0.529288 0.0581137 0.0372541 0.0911596
0 0.435782 0.827139 0.0306925 0.0321531
0 0.774344 0.682434 0.101296 0.0714221
