0 0.605994 0.605705 0.0388324 0.0455952
0 0.114303 0.761526 0.0320854 0.0307634
0 0.838784 0.762667 0.0427842 0.0755355
0 0.654008 0.477442 0.0373137 0.0650605
0 0.186316 0.666495 0.0389411 0.059361
0 0.540261 0.467324 0.0289388 0.0829215
0 0.904648 0.885023 0.0365717 0.0561333
0 0.64499 0.15524 0.022717 0.0599373
0 0.333911 0.23347 0.0214777 0.0397012
0 0.540558 0.280501 0.025335 0.0453414
0 0.0845752 0.501832 0.0456142 0.0387026
0 0.094619 0.481202 0.055152 0.0642078
0 0.150917 0.418855 0.0252632 0.051336
0 0.0245858 0.616721 0.0317043 0.0631031
0 0.506905 0.224478 0.02236 0.0435393
0 0.447429 0.661272 0.0829822 0.0875913
0 0.493184 0.732208 0.0927061 0.129574
0 0.454383 0.672595 0.1046 0.11357
0 0.0888151 0.487509 0.0613562 0.0673581
0 0.492272 0.744502 0.0803139 0.104512
