0 0.415936 0.799072 0.0401663 0.040081
0 0.639681 0.642886 0.06549 0.0668359
0 0.200891 0.697263 0.0422982 0.0716932
0 0.558877 0.498847 0.0456443 0.0735203
0 0.509102 0.191655 0.0278671 0.0682335
0 0.492424 0.737419 0.0651099 0.0770929
0 0.927802 0.906447 0.0273422 0.0489178
0 0.81183 0.711858 0.052002 0.0574892
0 0.82711 0.760917 0.0549424 0.0504704
0 0.0158238 0.368841 0.0300294 0.0637244
0 0.219556 0.868513 0.0362538 0.054409
0 0.582696 0.378376 0.0234652 0.0884142
0 0.120636 0.735878 0.0267942 0.0785015
0 0.582888 0.367904 0.0304139 0.098575
0 0.817771 0.724937 0.0591195 0.0936
0 0.383739 0.462655 0.0216668 0.0229158
0 0.623354 0.312905 0.0439124 0.101186
0 0.607898 0.317019 0.0730071 0.0999222
0 0.636008 0.529133 0.0478171 0.0484935
0 0.144282 0.443204 0.0164334 0.0336688
