0 0.586433 0.546315 0.0370568 0.0396384
0 0.178462 0.63821 0.0374303 0.0508564
0 0.88038 0.785718 0.0475334 0.03736
0 0.576531 0.478137 0.0276377 0.0347631
0 0.57478 0.818886 0.0362773 0.0585024
0 0.138218 0.485859 0.0215454 0.0414453
0 0.937416 0.886194 0.0418758 0.0596824
0 0.401206 0.447845 0.0267086 0.0230755
0 0.479874 0.658876 0.0573454 0.0775027
0 0.120654 0.387703 0.0277079 0.0619248
0 0.680476 0.487863 0.029258 0.053355
0 0.589224 0.923186 0.0262415 0.050321
0 0.768795 0.614516 0.098233 0.109952
0 0.55308 0.147069 0.0175617 0.0427078
0 0.825312 0.70328 0.0265346 0.0225277
0 0.11819 0.740451 0.0227916 0.021528
0 0.0361966 0.617706 0.0238006 0.0566379
0 0.655339 0.389457 0.0337569 0.0435398
0 0.680975 0.495786 0.0377802 0.0722545
