0 0.801421 0.67503 0.0586538 0.0606946
0 0.930027 0.879751 0.0394945 0.0564648
0 0.189485 0.678475 0.0414448 0.0708081
0 0.672192 0.651787 0.0533412 0.0449507
0 0.537309 0.0533011 0.0988908 0.038838
0 0.12762 0.467123 0.0433042 0.0830066
0 0.843509 0.758622 0.0369641 0.0474615
0 0.192423 0.888678 0.0408152 0.0527771
0 0.393993 0.442756 0.0293335 0.0243765
0 0.606333 0.346908 0.102087 0.0680262
0 0.569258 0.480754 0.0567267 0.0446955
0 0.213157 0.844012 0.0430623 0.0748495
0 0.634836 0.491135 0.0386779 0.086458
0 0.574442 0.484667 0.0598109 0.0542704
0 0.629674 0.480213 0.0472846 0.11316
0 0.206829 0.860023 0.0625226 0.107367
0 0.559502 0.808847 0.0278168 0.0445646
0 0.597784 0.399289 0.0567472 0.123239
0 0.593099 0.417154 0.0534173 0.121587
0 0.607651 0.367039 0.0939035 0.102679
0 0.185819 0.681486 0.0498645 0.0913782
0 0.128024 0.718935 0.0370572 0.0887328
0 0.602052 0.393526 0.076792 0.131879
0 0.138459 0.984116 0.0206379 0.0202179
