0 0.223792 0.931483 0.0345069 0.0834121
0 0.545101 0.486126 0.0311444 0.0648997
0 0.541785 0.29192 0.0223988 0.0507609
0 0.651518 0.476705 0.0384166 0.0594187
0 0.734764 0.590056 0.0684955 0.0880497
0 0.392379 0.454542 0.026413 0.0190365
0 0.316154 0.172667 0.0462677 0.0949382
0 0.902366 0.870416 0.028393 0.0312583
0 0.0937403 0.482342 0.0615475 0.0794667
0 0.123411 0.769519 0.0320559 0.0246142
0 0.502407 0.730029 0.0381875 0.0811528
0 0.184427 0.662707 0.0324143 0.0491714
0 0.0259266 0.636661 0.0357645 0.0910254
0 0.421574 0.633989 0.0862311 0.125744
0 0.844358 0.771562 0.0369191 0.0783483
0 0.51011 0.750158 0.0355963 0.0840999
0 0.80821 0.716881 0.0308387 0.0434673
0 0.647072 0.203379 0.0201468 0.0432717
0 0.152135 0.413167 0.0290212 0.0439531
0 0.0246373 0.27859 0.035861 0.0513453
0 0.308968 0.577111 0.0270147 0.0419273
0 0.815907 0.720607 0.0471441 0.0508704
0 0.418877 0.612555 0.0742478 0.0753951
0 0.367641 0.7248 0.0215975 0.0220557
0 0.51743 0.990898 0.024211 0.0182037
0 0.428865 0.650171 0.0730769 0.102811
