0 0.838445 0.756011 0.0412707 0.0492582
0 0.135679 0.454429 0.0271188 0.0569849
0 0.191781 0.682984 0.0365279 0.0660727
0 0.565396 0.0470132 0.0659218 0.0497045
0 0.670625 0.656454 0.0489888 0.0475049
0 0.803766 0.684637 0.0538824 0.0605707
0 0.715306 0.561468 0.082006 0.0721955
0 0.214672 0.845172 0.055692 0.0871081
0 0.587066 0.370348 0.0734433 0.103086
0 0.932395 0.894261 0.0262194 0.0388749
0 0.575691 0.490793 0.062561 0.0743399
0 0.615159 0.4758 0.0657805 0.112485
0 0.39933 0.442993 0.0289544 0.0229027
0 0.129059 0.720472 0.0390152 0.0913388
0 0.626596 0.488207 0.0433906 0.0804543
