0 0.192943 0.691583 0.0380683 0.0579224
0 0.663881 0.658392 0.0659785 0.0614208
0 0.386702 0.456598 0.0260391 0.0251867
0 0.0948625 0.561664 0.0397362 0.0757787
0 0.536322 0.905588 0.0302026 0.0830116
0 0.402383 0.391968 0.0287643 0.0313151
0 0.573378 0.521063 0.0633974 0.0962435
0 0.210219 0.847106 0.0637694 0.0844917
0 0.482574 0.698813 0.057348 0.0997903
0 0.927502 0.903775 0.0294085 0.0523365
0 0.593323 0.37644 0.0499909 0.0920331
0 0.483831 0.708835 0.0523538 0.0708334
0 0.820327 0.728531 0.0790977 0.12651
0 0.74394 0.624792 0.0384383 0.0711849
0 0.196332 0.845137 0.0917178 0.0909332
0 0.597527 0.413012 0.0533102 0.119437
0 0.60604 0.43229 0.0386 0.077938
0 0.123781 0.729487 0.0378582 0.0977862
0 0.460615 0.663418 0.0235205 0.0785358
0 0.809167 0.70455 0.0645576 0.074439
0 0.827254 0.744644 0.0614325 0.091586
0 0.515822 0.173908 0.0228242 0.0422411
