0 0.546583 0.48626 0.0307767 0.0678595
0 0.737768 0.593181 0.06731 0.0896691
0 0.541437 0.293114 0.0231059 0.0537686
0 0.122453 0.768333 0.0324888 0.0267608
0 0.0926888 0.48149 0.0635888 0.0749698
0 0.323471 0.195991 0.0455851 0.0987346
0 0.652475 0.481045 0.0415704 0.0591503
0 0.845819 0.780331 0.0336821 0.0601788
0 0.21969 0.914836 0.0392534 0.0979269
0 0.903549 0.873385 0.0303154 0.0358194
0 0.393343 0.454043 0.0240743 0.0190391
0 0.184001 0.661061 0.0303071 0.0435284
0 0.506358 0.734534 0.0364079 0.0991704
0 0.0266305 0.6347 0.0348028 0.0930381
0 0.802579 0.712574 0.0252346 0.0351474
0 0.423336 0.622213 0.0900252 0.104003
0 0.15293 0.416224 0.0298501 0.0442693
0 0.903944 0.873732 0.0338238 0.0467346
0 0.224553 0.925382 0.0332652 0.0763233
0 0.429244 0.642395 0.108855 0.149759
0 0.419369 0.60919 0.0807534 0.0781951
0 0.367549 0.724643 0.0226805 0.0220096
0 0.353392 0.271029 0.0200695 0.0237851
0 0.324609 0.207784 0.0336516 0.0797877
0 0.449152 0.662601 0.0727249 0.118463
