0 0.839064 0.755659 0.0400758 0.0466955
0 0.191828 0.680522 0.0386473 0.0672417
0 0.562165 0.0474121 0.0722593 0.0393386
0 0.670426 0.650482 0.047899 0.0410498
0 0.935273 0.891374 0.0317624 0.0459235
0 0.46418 0.710335 0.0484373 0.0550385
0 0.803979 0.68244 0.0549456 0.0597601
0 0.571209 0.47512 0.0606319 0.0576479
0 0.138129 0.833989 0.0605536 0.0527546
0 0.212709 0.846502 0.0567731 0.0862284
0 0.622387 0.476082 0.0482192 0.0945061
0 0.743688 0.619273 0.0386796 0.0801392
0 0.585052 0.373107 0.0712262 0.123322
0 0.586535 0.352761 0.0689421 0.0819668
0 0.124037 0.718518 0.035895 0.0887651
0 0.572544 0.467171 0.0740185 0.0900999
0 0.62977 0.489044 0.0326335 0.0724282
0 0.609751 0.474016 0.0793419 0.0958827
