0 0.838051 0.756619 0.0429155 0.0459591
0 0.191277 0.680942 0.037386 0.0679593
0 0.671437 0.657459 0.051681 0.0425086
0 0.397638 0.44892 0.0304147 0.0227829
0 0.706286 0.554365 0.0735964 0.0739501
0 0.212714 0.846638 0.0594124 0.0850747
0 0.804483 0.684897 0.0554999 0.0571284
0 0.587174 0.371063 0.0709138 0.102013
0 0.57482 0.49332 0.0630965 0.0801817
0 0.933512 0.896602 0.0291349 0.0488863
0 0.124083 0.721494 0.0343418 0.0864944
0 0.608657 0.471565 0.0739274 0.0995541
0 0.570884 0.482948 0.0541552 0.0879831
