0 0.640063 0.641031 0.0636642 0.0613564
0 0.419324 0.807753 0.0413207 0.0414915
0 0.829379 0.76628 0.0603733 0.0555286
0 0.926066 0.906223 0.0326556 0.0515733
0 0.200005 0.694929 0.0373752 0.0714662
0 0.219193 0.86449 0.0441413 0.0650562
0 0.811179 0.709122 0.0523837 0.0472133
0 0.560709 0.497409 0.0452404 0.0750968
0 0.507792 0.189578 0.0272624 0.0713993
0 0.0223601 0.398822 0.0378734 0.0842165
0 0.487436 0.735456 0.0724723 0.0829558
0 0.121539 0.73417 0.0306914 0.0798861
0 0.582306 0.376417 0.0226777 0.0919822
0 0.613667 0.334589 0.0546589 0.11033
0 0.616913 0.324872 0.0459445 0.087743
0 0.584793 0.363698 0.0356877 0.0992877
0 0.0189503 0.38795 0.0324641 0.0712458
0 0.382818 0.46402 0.0280378 0.0244462
