0 0.916535 0.892261 0.0426593 0.0611434
0 0.194092 0.683295 0.0450361 0.070635
0 0.548781 0.489679 0.0395265 0.0701356
0 0.674665 0.522437 0.0497044 0.0772812
0 0.62016 0.620317 0.034417 0.0426487
0 0.113567 0.760704 0.0329407 0.0228884
0 0.58191 0.395963 0.025056 0.0766016
0 0.82022 0.721945 0.0527458 0.055946
0 0.149383 0.433403 0.0244386 0.0395262
0 0.639208 0.254687 0.0232041 0.0603932
0 0.832303 0.768868 0.0430654 0.0414033
0 0.505948 0.215151 0.0247103 0.053109
0 0.472285 0.678602 0.0654747 0.108536
0 0.469696 0.668105 0.0538244 0.0860374
0 0.491238 0.743408 0.0784564 0.0842543
0 0.484943 0.731909 0.0887149 0.117078
0 0.479231 0.70646 0.0904756 0.147338
