0 0.486331 0.715353 0.0516456 0.0655334
0 0.192766 0.69403 0.0385542 0.0606132
0 0.135065 0.474813 0.0331815 0.0719885
0 0.657505 0.655123 0.0644593 0.0584574
0 0.571349 0.519592 0.0594234 0.0934017
0 0.386321 0.457881 0.0252717 0.0253582
0 0.212912 0.848363 0.0584625 0.0848267
0 0.403616 0.39149 0.0309314 0.0325627
0 0.593949 0.375907 0.0506713 0.0960086
0 0.929865 0.908681 0.0251538 0.0365384
0 0.821804 0.729826 0.0808854 0.127843
0 0.744118 0.629321 0.0347359 0.0560017
0 0.59723 0.41283 0.0527141 0.121074
0 0.606728 0.431928 0.0370153 0.0797533
0 0.809472 0.704783 0.0688815 0.0758803
0 0.123104 0.72941 0.0367804 0.0969888
0 0.829354 0.746035 0.0629367 0.0920035
0 0.739977 0.632598 0.0289652 0.0562556
0 0.194967 0.845093 0.0932734 0.0945513
