0 0.798333 0.674371 0.0581071 0.0605081
0 0.189917 0.676847 0.0373436 0.0693142
0 0.917593 0.864637 0.0416856 0.0677204
0 0.617662 0.340058 0.0842971 0.0729444
0 0.390035 0.449306 0.0308896 0.0234647
0 0.532403 0.0496481 0.0972964 0.0357934
0 0.21226 0.842078 0.0577484 0.0804789
0 0.137199 0.441464 0.02426 0.0581343
0 0.557437 0.800247 0.0423849 0.0607183
0 0.683767 0.663168 0.0550698 0.0418185
0 0.572488 0.494117 0.0619508 0.0666324
0 0.734478 0.60189 0.0364783 0.0460311
0 0.121394 0.717138 0.0317838 0.0891142
0 0.617079 0.496147 0.0874796 0.0867933
0 0.53189 0.79876 0.0618234 0.0582169
0 0.597579 0.490004 0.127059 0.0903195
0 0.185072 0.680992 0.0493591 0.0938039
