0 0.917136 0.892841 0.0417645 0.0620713
0 0.549873 0.489914 0.0369177 0.0727801
0 0.194621 0.685044 0.0491148 0.0743661
0 0.672043 0.522797 0.0411384 0.080411
0 0.623065 0.626129 0.0460386 0.0547175
0 0.148349 0.431896 0.024596 0.0478039
0 0.581242 0.396117 0.0259157 0.0804744
0 0.108367 0.75929 0.0256076 0.021705
0 0.640032 0.251272 0.0250125 0.062939
0 0.830762 0.749287 0.0509348 0.0897988
0 0.506957 0.21654 0.0235875 0.0521908
0 0.82424 0.736428 0.0576558 0.0810113
0 0.474394 0.682365 0.0658036 0.114338
0 0.471397 0.668462 0.0517792 0.0840671
0 0.488783 0.725049 0.0926411 0.114847
0 0.381417 0.74294 0.0323671 0.0208404
0 0.491068 0.741271 0.0846015 0.0876839
0 0.070649 0.507834 0.023237 0.0189294
0 0.336754 0.244691 0.0239543 0.0274799
0 0.754752 0.6184 0.0396192 0.0325938
0 0.480465 0.706165 0.0924935 0.147858
