0 0.607584 0.606583 0.0319663 0.0413469
0 0.114737 0.76459 0.0333235 0.0332398
0 0.185691 0.666994 0.0347747 0.0560546
0 0.837075 0.759881 0.0461242 0.0814211
0 0.654286 0.480803 0.0393267 0.0656652
0 0.543819 0.472608 0.0355017 0.0807341
0 0.906868 0.888257 0.0356443 0.0566783
0 0.077931 0.50869 0.0367811 0.0234864
0 0.541386 0.28565 0.0220001 0.0477715
0 0.645381 0.157734 0.0193939 0.0524618
0 0.432469 0.649692 0.0672108 0.0878384
0 0.0245051 0.620077 0.0327749 0.0668077
0 0.150746 0.421503 0.0250267 0.0433508
0 0.506045 0.226264 0.0236765 0.0442292
0 0.103931 0.470636 0.0336857 0.043709
0 0.516215 0.785729 0.0620524 0.108844
0 0.521683 0.801838 0.048748 0.0749437
0 0.513512 0.767903 0.069144 0.137202
0 0.50706 0.746678 0.0635111 0.13446
0 0.107655 0.46993 0.0314209 0.0535976
0 0.496388 0.726386 0.0434959 0.0968324
