0 0.395617 0.44919 0.031257 0.0243649
0 0.578339 0.501367 0.0524733 0.0648907
0 0.862528 0.77441 0.0602295 0.0460746
0 0.625455 0.354054 0.0842047 0.0842866
0 0.187336 0.668378 0.0473167 0.0704242
0 0.565249 0.808398 0.0318596 0.057039
0 0.479822 0.670991 0.0280026 0.0411336
0 0.0560209 0.491166 0.0270807 0.0674518
0 0.503876 0.0491013 0.041931 0.0354881
0 0.805648 0.682591 0.0651512 0.0668483
0 0.754578 0.627677 0.0538359 0.0878366
0 0.684999 0.500379 0.0376973 0.0652742
0 0.20843 0.839972 0.040728 0.0559412
0 0.629177 0.359538 0.0686855 0.0706033
0 0.560693 0.172155 0.0315032 0.057117
0 0.122831 0.707873 0.0320624 0.0807402
0 0.68982 0.497329 0.0378578 0.0545364
