0 0.587284 0.545333 0.0361435 0.0398431
0 0.180272 0.635934 0.0397277 0.0508181
0 0.135374 0.484 0.0242752 0.0362879
0 0.589735 0.917956 0.0299782 0.0473025
0 0.938228 0.8843 0.0473859 0.0632267
0 0.304056 0.365698 0.0237005 0.0439291
0 0.573957 0.815894 0.0358926 0.0586262
0 0.576105 0.472689 0.0324543 0.0312921
0 0.879548 0.781093 0.0504799 0.0373741
0 0.476186 0.647024 0.066235 0.0924275
0 0.553313 0.14167 0.0190148 0.0482145
0 0.765937 0.610432 0.0941715 0.107441
0 0.676568 0.458279 0.0518832 0.112868
0 0.400915 0.442118 0.0268527 0.0250553
0 0.118043 0.737255 0.0258358 0.0204589
0 0.145391 0.378598 0.018929 0.0409489
0 0.826638 0.702139 0.0233536 0.0208524
0 0.668659 0.446489 0.0351329 0.0909137
0 0.0840587 0.477291 0.026766 0.0249596
0 0.693392 0.513831 0.0296776 0.0488089
