0 0.480188 0.706547 0.0514008 0.0610752
0 0.833377 0.764608 0.0492539 0.0475686
0 0.802552 0.691002 0.0536973 0.0602956
0 0.191919 0.691209 0.0379307 0.0544741
0 0.214954 0.847963 0.0596002 0.0894564
0 0.668225 0.6627 0.0603262 0.0550907
0 0.545986 0.933871 0.019645 0.0517548
0 0.590096 0.373913 0.0454364 0.0950443
0 0.389522 0.452607 0.0278308 0.0226635
0 0.93052 0.909312 0.0268387 0.0361893
0 0.579265 0.524922 0.0898795 0.112449
0 0.744878 0.62528 0.0366092 0.0713309
0 0.57035 0.511675 0.0604956 0.083037
0 0.609854 0.436375 0.0344838 0.0685443
0 0.124306 0.729172 0.0371214 0.0983081
0 0.601398 0.420329 0.0459051 0.109821
0 0.226855 0.926814 0.0208783 0.0350515
