0 0.663301 0.6635 0.0614898 0.0537528
0 0.205449 0.858715 0.0555135 0.116774
0 0.122548 0.752603 0.0335472 0.0813893
0 0.607155 0.524573 0.108565 0.0731974
0 0.766976 0.671393 0.109378 0.0855368
0 0.599418 0.371832 0.05088 0.0945847
0 0.439732 0.834626 0.0319604 0.0332385
0 0.779527 0.744787 0.0936277 0.0340044
0 0.376618 0.461859 0.0315475 0.0226401
0 0.204585 0.869431 0.0472799 0.0903115
0 0.607036 0.358599 0.0357416 0.0708748
0 0.535318 0.011989 0.0281755 0.0239779
0 0.776908 0.738723 0.0989876 0.0392418
