0 0.835187 0.760589 0.046893 0.049823
0 0.191547 0.683411 0.0375336 0.0609186
0 0.474663 0.693479 0.0294492 0.0342199
0 0.215692 0.843909 0.06179 0.0858052
0 0.672514 0.660509 0.0518531 0.0432177
0 0.803278 0.686588 0.057713 0.0627997
0 0.582697 0.369868 0.0272168 0.0848238
0 0.574532 0.509482 0.0636897 0.110012
0 0.390733 0.441915 0.0282761 0.024868
0 0.7472 0.631344 0.0333147 0.0559096
0 0.932692 0.904719 0.0277472 0.0395806
0 0.606245 0.441745 0.0351222 0.0929829
0 0.473297 0.886319 0.023964 0.0504469
0 0.584431 0.531558 0.0855248 0.116848
0 0.606063 0.462669 0.0492055 0.120902
0 0.595081 0.55046 0.0634522 0.0812783
0 0.0892728 0.571783 0.0289469 0.0424356
