0 0.833672 0.767549 0.0480603 0.0501189
0 0.190496 0.693231 0.0409629 0.0702631
0 0.485282 0.714485 0.0525275 0.0747845
0 0.802543 0.696125 0.0571613 0.0628048
0 0.652172 0.653031 0.0643126 0.0646291
0 0.21447 0.849373 0.0543471 0.0827068
0 0.569445 0.520078 0.0560551 0.0912884
0 0.386539 0.458123 0.0257438 0.0236499
0 0.402292 0.387435 0.0287973 0.0319095
0 0.741559 0.624426 0.0315485 0.0620934
0 0.595779 0.37803 0.0524659 0.0955386
0 0.12394 0.729934 0.0346734 0.0900066
0 0.593426 0.392802 0.0530471 0.114633
0 0.929074 0.909401 0.0223817 0.036026
