0 0.541532 0.291475 0.0238738 0.0528411
0 0.12142 0.767877 0.0328066 0.0287461
0 0.546912 0.486069 0.0330117 0.0697764
0 0.65253 0.48261 0.0418983 0.0553049
0 0.0953544 0.480374 0.062172 0.0748314
0 0.733351 0.590039 0.0713227 0.0879146
0 0.902622 0.870838 0.030206 0.0341804
0 0.846144 0.777685 0.0356828 0.0704319
0 0.327347 0.206898 0.0503533 0.103209
0 0.220121 0.916973 0.0400001 0.0976856
0 0.183593 0.658523 0.030417 0.0381122
0 0.0262432 0.636464 0.0344605 0.0898044
0 0.370252 0.729118 0.0247793 0.0167401
0 0.395849 0.585641 0.0329572 0.0348251
0 0.44274 0.655396 0.0913362 0.116079
0 0.22402 0.925854 0.0337108 0.0769951
0 0.0236321 0.275464 0.0394514 0.0576827
0 0.802707 0.712655 0.0208495 0.0288708
0 0.506561 0.23022 0.0234835 0.0365652
0 0.152049 0.412816 0.0291532 0.0433905
0 0.436211 0.639873 0.0774627 0.0920163
0 0.505477 0.743078 0.050405 0.102481
0 0.489369 0.732461 0.0819949 0.120223
0 0.0833095 0.174128 0.0204819 0.0120611
0 0.457689 0.659495 0.108348 0.118154
