0 0.916494 0.892306 0.0415962 0.0612502
0 0.669517 0.521148 0.0460548 0.0808765
0 0.549062 0.490606 0.0374126 0.0709096
0 0.194301 0.684747 0.0438671 0.0709653
0 0.621254 0.623889 0.0414295 0.0486605
0 0.582036 0.398609 0.0235007 0.0708573
0 0.82112 0.722102 0.0539516 0.0553598
0 0.638599 0.253596 0.0283663 0.0675991
0 0.832124 0.767566 0.044754 0.0464444
0 0.148296 0.430019 0.0214815 0.0412863
0 0.504606 0.217254 0.0262594 0.0570679
0 0.109108 0.759084 0.0246354 0.0179476
0 0.474241 0.683532 0.0652136 0.112879
0 0.472273 0.669834 0.051731 0.0890617
0 0.487731 0.723261 0.0923868 0.115643
0 0.0726763 0.508321 0.024408 0.0176452
0 0.489876 0.740799 0.0846794 0.0867673
0 0.480418 0.705603 0.0925089 0.146657
