0 0.192907 0.692796 0.038815 0.0589526
0 0.488323 0.715882 0.053331 0.0648403
0 0.657889 0.655503 0.0665638 0.0606848
0 0.107896 0.533373 0.0499566 0.0822723
0 0.386759 0.456951 0.0253452 0.02474
0 0.573625 0.521834 0.0625845 0.096382
0 0.212156 0.847811 0.0608948 0.085683
0 0.594605 0.377375 0.0527259 0.0975788
0 0.745159 0.629142 0.0365794 0.0665898
0 0.820613 0.728023 0.0785115 0.124481
0 0.403464 0.390319 0.0297699 0.0351727
0 0.123812 0.728734 0.0358443 0.0946946
0 0.595839 0.410711 0.0573432 0.124048
0 0.196263 0.845003 0.0914578 0.0938392
0 0.605945 0.431425 0.0384779 0.0851402
0 0.809126 0.704781 0.0676076 0.0784597
0 0.578767 0.52307 0.0877466 0.102062
