0 0.226936 0.933913 0.029598 0.0821102
0 0.652681 0.477021 0.039153 0.0612787
0 0.541395 0.291655 0.0226982 0.0506923
0 0.544725 0.488312 0.0317688 0.0627935
0 0.73427 0.589446 0.0691562 0.0878496
0 0.315722 0.17212 0.0455866 0.0938273
0 0.0959704 0.483315 0.0595606 0.0776765
0 0.121975 0.768249 0.031032 0.0235994
0 0.90186 0.871099 0.0287933 0.0347835
0 0.392176 0.454443 0.0259996 0.0195007
0 0.504283 0.733474 0.0393685 0.0809981
0 0.183356 0.66039 0.0294896 0.0415821
0 0.846978 0.779292 0.0337354 0.0712981
0 0.805754 0.714837 0.0333903 0.0441628
0 0.0265911 0.634768 0.0346337 0.0911326
0 0.423598 0.634546 0.0806525 0.12528
0 0.50978 0.748175 0.0352218 0.0888877
0 0.645814 0.202306 0.0180856 0.0369667
0 0.0235421 0.275604 0.0345169 0.0534765
0 0.348484 0.264127 0.024172 0.0282232
0 0.367883 0.725335 0.0221127 0.0208335
0 0.432308 0.650351 0.0620216 0.0987654
0 0.15217 0.411781 0.0283841 0.0445037
0 0.416207 0.610798 0.0664799 0.0724103
0 0.506938 0.230556 0.0211308 0.032711
0 0.902097 0.872034 0.0330944 0.0482013
