0 0.191107 0.683897 0.036897 0.0626235
0 0.836233 0.759574 0.045568 0.0507832
0 0.214489 0.843699 0.0596088 0.0856372
0 0.112445 0.518194 0.0458905 0.0686432
0 0.363514 0.612879 0.0206118 0.053288
0 0.802292 0.686209 0.0571146 0.0609843
0 0.673335 0.660223 0.0548885 0.0478313
0 0.577523 0.366972 0.059332 0.0907893
0 0.569237 0.494599 0.0563223 0.0848722
0 0.933221 0.904073 0.0281103 0.0369136
0 0.608357 0.441452 0.0370762 0.0915864
0 0.748445 0.6272 0.0373993 0.0680884
0 0.61079 0.459818 0.0475731 0.119255
0 0.129934 0.723758 0.0400729 0.0930235
0 0.677718 0.658143 0.064569 0.0612738
0 0.751234 0.630605 0.0496081 0.0657587
