0 0.833115 0.760496 0.0475161 0.0475835
0 0.19103 0.689154 0.0360698 0.0624795
0 0.803267 0.689106 0.058955 0.0621003
0 0.671543 0.66169 0.0629581 0.0569689
0 0.481982 0.707511 0.0424016 0.0594763
0 0.581072 0.36966 0.0290654 0.0913833
0 0.931699 0.909483 0.0294645 0.0460405
0 0.39204 0.446366 0.0275429 0.0207229
0 0.0886727 0.630905 0.0263415 0.0619018
0 0.200579 0.899773 0.039517 0.0566373
0 0.213975 0.847856 0.0563937 0.0899813
0 0.208484 0.860266 0.0627039 0.121174
0 0.442742 0.63172 0.0245025 0.0622249
0 0.204101 0.882298 0.0554611 0.110821
0 0.575627 0.523012 0.0684729 0.115419
0 0.745701 0.627619 0.0366509 0.0680916
0 0.583971 0.521124 0.0992583 0.12878
0 0.570777 0.50938 0.0580541 0.0892379
0 0.603298 0.438423 0.0445201 0.0994272
0 0.607886 0.452578 0.0397115 0.106467
0 0.128356 0.726459 0.0367171 0.0879741
0 0.55196 0.950155 0.0171859 0.0308449
0 0.127758 0.742495 0.0356531 0.0546503
0 0.585612 0.548389 0.0595069 0.0782776
0 0.688831 0.651984 0.0967711 0.0826935
