0 0.58586 0.548748 0.033946 0.0385542
0 0.5766 0.829586 0.0396014 0.0742589
0 0.939638 0.890657 0.0414734 0.0585195
0 0.136915 0.487581 0.0216039 0.0402921
0 0.879714 0.790077 0.04758 0.0430511
0 0.176485 0.640183 0.0333501 0.0487955
0 0.399803 0.453393 0.0272117 0.0259569
0 0.480101 0.663281 0.0549018 0.0825957
0 0.577009 0.478814 0.0304632 0.0348954
0 0.825447 0.706145 0.0309803 0.0287927
0 0.0536025 0.540265 0.0234223 0.0414152
0 0.767835 0.620598 0.092272 0.101913
0 0.680898 0.500439 0.0285978 0.0804306
0 0.682775 0.500992 0.0405301 0.0845928
0 0.483452 0.673101 0.0465559 0.0680312
