0 0.122346 0.755978 0.033009 0.0779645
0 0.662388 0.66368 0.0612185 0.0519187
0 0.191637 0.857602 0.0803122 0.0956912
0 0.606758 0.523482 0.10996 0.0743818
0 0.602623 0.364348 0.0472572 0.089674
0 0.768363 0.66883 0.113053 0.093767
0 0.592529 0.363999 0.0559555 0.088254
0 0.434555 0.826892 0.0298309 0.0298958
0 0.777861 0.74383 0.0991569 0.0355244
0 0.606438 0.356765 0.0390835 0.0805655
0 0.529514 0.0575866 0.0411775 0.115173
0 0.604773 0.367988 0.035419 0.0854886
0 0.525973 0.0887356 0.0305259 0.0667426
0 0.376662 0.462284 0.0313845 0.0219173
