0 0.916803 0.892221 0.0436828 0.0613161
0 0.669295 0.520967 0.0430408 0.0776833
0 0.549189 0.490706 0.038942 0.0701059
0 0.619168 0.619657 0.0364362 0.0444536
0 0.194392 0.685451 0.0446944 0.0711238
0 0.581384 0.399817 0.0255904 0.0783997
0 0.820519 0.721914 0.0548358 0.0612507
0 0.63937 0.250372 0.0266271 0.0588568
0 0.506708 0.216563 0.0251456 0.0605199
0 0.832959 0.764071 0.0456598 0.0566322
0 0.14812 0.433344 0.0206319 0.0357205
0 0.472068 0.676706 0.0632891 0.110598
0 0.109382 0.758933 0.026342 0.0174484
0 0.469039 0.666812 0.0532337 0.0888264
0 0.49313 0.743549 0.0775326 0.0838318
0 0.382283 0.74337 0.0352005 0.0212266
0 0.0734225 0.508475 0.0231087 0.0180514
0 0.485572 0.732134 0.0891225 0.117929
