0 0.832951 0.760712 0.0485501 0.04743
0 0.802839 0.688773 0.0577469 0.0619593
0 0.190849 0.688068 0.0384052 0.0655313
0 0.667982 0.65679 0.058241 0.050614
0 0.583261 0.370394 0.03301 0.0911356
0 0.465127 0.695012 0.0843204 0.0973644
0 0.101337 0.660555 0.0453358 0.0907245
0 0.216799 0.848799 0.0590668 0.0905788
0 0.199968 0.897515 0.042633 0.0641923
0 0.449984 0.687747 0.072494 0.080592
0 0.210052 0.86336 0.0637209 0.122204
0 0.204226 0.881445 0.058077 0.111428
0 0.392292 0.445209 0.0279188 0.019986
0 0.745557 0.626912 0.0323808 0.0596225
0 0.580298 0.532889 0.0756361 0.105201
0 0.58468 0.519525 0.0991567 0.133946
0 0.741287 0.630116 0.0302024 0.0640283
0 0.572708 0.504774 0.0586151 0.0906007
0 0.602398 0.439261 0.0434339 0.0973779
0 0.93073 0.907713 0.0247157 0.0359018
0 0.604924 0.458584 0.0482033 0.118701
0 0.476795 0.704721 0.0556283 0.0707047
0 0.587663 0.548738 0.0577106 0.0819027
0 0.581658 0.359377 0.0300984 0.0716986
0 0.131032 0.743053 0.0274096 0.0594969
0 0.604324 0.483647 0.0674429 0.124836
