0 0.191501 0.680514 0.0375088 0.0680156
0 0.931671 0.88451 0.0361123 0.0617187
0 0.801181 0.677885 0.0593259 0.0578617
0 0.117591 0.50359 0.0454563 0.0653518
0 0.840605 0.756013 0.0386523 0.0524586
0 0.545099 0.0529168 0.0978662 0.0414647
0 0.670248 0.648095 0.053632 0.0425355
0 0.191404 0.885639 0.0567613 0.0700983
0 0.741976 0.609979 0.037343 0.0547984
0 0.601232 0.343075 0.112521 0.049859
0 0.589344 0.394239 0.0645592 0.111327
0 0.629715 0.482351 0.0328695 0.0902494
0 0.395128 0.44254 0.0297073 0.0251296
0 0.578773 0.486652 0.0512217 0.0508658
0 0.209889 0.839877 0.0473613 0.0731225
0 0.564585 0.479741 0.0464963 0.0424792
0 0.199293 0.865363 0.0759671 0.127517
0 0.195055 0.880315 0.059621 0.0914011
0 0.632729 0.490727 0.0305398 0.0755159
0 0.210659 0.852359 0.0561869 0.0914936
0 0.673808 0.651676 0.0595226 0.0542812
0 0.60253 0.377092 0.104838 0.108943
0 0.128463 0.717557 0.0384029 0.0906188
0 0.185737 0.683789 0.0504025 0.0887319
