0 0.587399 0.549785 0.0343933 0.0374999
0 0.939119 0.890343 0.0396399 0.0579472
0 0.574478 0.826381 0.0409813 0.0766934
0 0.137488 0.487291 0.0230202 0.0448144
0 0.878705 0.786522 0.0464765 0.0372252
0 0.480481 0.662577 0.055542 0.0828668
0 0.175414 0.638092 0.0316819 0.0452486
0 0.399104 0.453925 0.0254652 0.0239089
0 0.576367 0.475931 0.0270554 0.0304279
0 0.683766 0.501232 0.0427134 0.0907814
0 0.825468 0.70559 0.0285401 0.0263596
0 0.771094 0.625997 0.0931375 0.103909
0 0.566019 0.193707 0.0297705 0.0651846
0 0.081678 0.485142 0.0251327 0.0207082
0 0.764895 0.614145 0.085238 0.0872235
0 0.117449 0.741498 0.0221431 0.0174451
0 0.0356634 0.621034 0.0247517 0.0571167
