0 0.191715 0.684542 0.0376047 0.0592854
0 0.834257 0.761478 0.0483568 0.0510563
0 0.477473 0.699303 0.0322747 0.0412123
0 0.215116 0.845686 0.0592614 0.0842311
0 0.66699 0.656821 0.0439861 0.0430962
0 0.803376 0.687276 0.0584171 0.0610254
0 0.582068 0.36805 0.0257635 0.0868932
0 0.591575 0.522303 0.100335 0.137663
0 0.392267 0.44406 0.0272434 0.0216924
0 0.607304 0.438726 0.0312617 0.0887139
0 0.747192 0.627789 0.0343785 0.0607917
0 0.930697 0.905538 0.0246487 0.0353076
0 0.611813 0.456387 0.0349767 0.104519
0 0.459652 0.86173 0.0185578 0.0292863
0 0.578111 0.509645 0.0722222 0.0986619
0 0.596068 0.494933 0.0887339 0.138031
