0 0.856587 0.770533 0.0620289 0.044107
0 0.191974 0.67702 0.0356897 0.064557
0 0.13744 0.444626 0.026435 0.059117
0 0.482208 0.678957 0.0383216 0.0528088
0 0.579554 0.505051 0.0587356 0.0707169
0 0.211118 0.839968 0.0534512 0.0802879
0 0.531052 0.0560727 0.0975728 0.0420317
0 0.392731 0.446531 0.0286055 0.0227815
0 0.623595 0.353327 0.0810086 0.0837105
0 0.651904 0.537945 0.0382717 0.0425258
0 0.0580042 0.349752 0.044523 0.106635
0 0.79178 0.669231 0.0879567 0.105931
0 0.122712 0.715818 0.0320766 0.0906755
0 0.798698 0.679378 0.0686278 0.075453
0 0.561384 0.811499 0.0319698 0.047591
0 0.785127 0.656367 0.0992011 0.106179
0 0.0570199 0.361977 0.0379852 0.0732695
