0 0.916611 0.892772 0.0412364 0.0613923
0 0.194415 0.683534 0.0451836 0.0722847
0 0.549362 0.49046 0.0388858 0.0676028
0 0.673823 0.524132 0.0487483 0.0704767
0 0.582649 0.397553 0.0223775 0.0756742
0 0.822823 0.718562 0.0601517 0.0643821
0 0.110144 0.757891 0.0272737 0.0207785
0 0.393835 0.373108 0.024002 0.0862366
0 0.624292 0.625342 0.0401266 0.047132
0 0.148511 0.43123 0.0214985 0.0388156
0 0.506272 0.216422 0.0236043 0.0535485
0 0.836324 0.773154 0.0424314 0.0427673
0 0.389775 0.755939 0.0347105 0.0220087
0 0.466187 0.661936 0.0524925 0.0863638
0 0.635885 0.268257 0.0193542 0.0435651
0 0.725276 0.589806 0.0376203 0.0459182
0 0.484647 0.730429 0.0897481 0.1117
0 0.0713286 0.508178 0.0244571 0.018816
0 0.468215 0.67829 0.0647589 0.121246
0 0.491452 0.740452 0.0799929 0.0847931
0 0.387115 0.46293 0.0253358 0.0235777
0 0.395081 0.39787 0.0255167 0.0585028
0 0.741301 0.599796 0.0574837 0.0671127
0 0.48077 0.710007 0.0931712 0.148621
0 0.0246548 0.613158 0.0334759 0.0419052
0 0.746345 0.606919 0.0575246 0.0591021
