0 0.85766 0.771526 0.0603364 0.0433705
0 0.136856 0.447096 0.025406 0.0586502
0 0.190579 0.67562 0.0385718 0.0669973
0 0.579597 0.504539 0.056597 0.0691137
0 0.482363 0.679929 0.0407714 0.0616465
0 0.394613 0.449315 0.0310762 0.0256864
0 0.211731 0.83916 0.0529757 0.083373
0 0.564455 0.81662 0.032674 0.0496867
0 0.532213 0.0551438 0.0985755 0.0429088
0 0.652312 0.538668 0.041256 0.0493927
0 0.622997 0.353816 0.0815594 0.0841104
0 0.0591627 0.362707 0.0399607 0.0989606
0 0.797149 0.679755 0.0717807 0.0727035
0 0.123112 0.717837 0.0331377 0.0792732
0 0.785546 0.655004 0.0958346 0.123957
0 0.770663 0.632298 0.0763326 0.0832679
0 0.651676 0.533402 0.0527604 0.0756777
