0 0.661535 0.66442 0.0685639 0.055681
0 0.779538 0.684798 0.0775142 0.0559871
0 0.606754 0.527064 0.108557 0.0717933
0 0.192251 0.85269 0.081072 0.0959029
0 0.378277 0.459279 0.0295427 0.0233119
0 0.0846172 0.598194 0.0394909 0.106526
0 0.778154 0.742657 0.0876989 0.0349342
0 0.589329 0.367066 0.0422425 0.0724315
0 0.597834 0.387153 0.035507 0.104822
0 0.603129 0.402391 0.0267588 0.0761505
0 0.122441 0.744713 0.0310523 0.0884974
0 0.0823863 0.614403 0.0274119 0.0696597
0 0.375036 0.379194 0.0613213 0.0264962
0 0.590144 0.380939 0.0510879 0.116731
