0 0.192365 0.683807 0.0364984 0.0573976
0 0.834501 0.75965 0.0464072 0.0475318
0 0.213682 0.841991 0.0576995 0.081354
0 0.675093 0.663174 0.057955 0.0522552
0 0.803093 0.687178 0.0566121 0.060322
0 0.582298 0.370162 0.0257717 0.084986
0 0.474923 0.897073 0.023432 0.0725462
0 0.391676 0.44314 0.0277817 0.0227544
0 0.577157 0.517047 0.0689834 0.122928
0 0.931667 0.903042 0.0253646 0.0409656
0 0.605398 0.435243 0.0330263 0.087757
0 0.587799 0.515332 0.100333 0.137052
0 0.573092 0.503262 0.0603632 0.0965626
0 0.586823 0.530875 0.0814159 0.112788
0 0.128402 0.722518 0.0333326 0.0842838
0 0.74872 0.629537 0.0345688 0.057358
0 0.591547 0.548629 0.0669668 0.0846256
0 0.472011 0.691662 0.0272058 0.0266337
