0 0.833048 0.762737 0.0466964 0.0437673
0 0.482304 0.707888 0.046904 0.0628271
0 0.191074 0.691267 0.0363844 0.0605667
0 0.54251 0.844155 0.0615768 0.0664612
0 0.389549 0.448707 0.0294784 0.0221929
0 0.13214 0.471276 0.0382019 0.0780421
0 0.670154 0.660657 0.0651016 0.0558898
0 0.215312 0.847431 0.0583681 0.0882546
0 0.803757 0.690361 0.0574152 0.0668499
0 0.432858 0.629157 0.0287814 0.0605909
0 0.588257 0.373814 0.0423864 0.0968829
0 0.546704 0.937114 0.0190701 0.0483396
0 0.575338 0.521558 0.0675182 0.112773
0 0.930573 0.906427 0.027389 0.0437789
0 0.571191 0.508733 0.0574791 0.0856111
0 0.747448 0.633956 0.0329326 0.060755
0 0.595772 0.37341 0.0605578 0.102367
0 0.591187 0.38396 0.0501192 0.125839
0 0.596885 0.419818 0.0547714 0.122415
0 0.604451 0.440855 0.0434488 0.0955844
0 0.12963 0.724553 0.0373578 0.0909343
0 0.682133 0.656325 0.0877035 0.0701634
