0 0.115083 0.763822 0.035905 0.0310099
0 0.184974 0.665789 0.0356992 0.05109
0 0.653621 0.477989 0.0388342 0.0619695
0 0.547195 0.478288 0.0357776 0.078373
0 0.728706 0.58291 0.0637057 0.0789369
0 0.645924 0.176247 0.0219641 0.0753956
0 0.834741 0.758395 0.0508374 0.0831275
0 0.905037 0.881402 0.0366073 0.0541999
0 0.609567 0.610301 0.0252419 0.0373149
0 0.390756 0.454407 0.0280019 0.0217199
0 0.0788501 0.508238 0.0362481 0.0266356
0 0.541219 0.28783 0.0203121 0.0488249
0 0.434336 0.647712 0.0877309 0.104815
0 0.150623 0.423181 0.0265862 0.0500129
0 0.102965 0.473607 0.0313652 0.0422655
0 0.0236761 0.622495 0.0328139 0.0713496
0 0.506102 0.223497 0.0229403 0.0459957
0 0.509213 0.743943 0.0631694 0.122778
0 0.502636 0.72844 0.0526227 0.0979249
0 0.547838 0.48764 0.0324185 0.0643344
0 0.8394 0.766799 0.0423837 0.0720363
