0 0.832779 0.763655 0.0473731 0.0458816
0 0.482672 0.709425 0.0538891 0.0679655
0 0.191333 0.691186 0.0362798 0.0594257
0 0.667017 0.661446 0.0585952 0.0507663
0 0.215359 0.84623 0.0572048 0.0872533
0 0.804123 0.690725 0.0580533 0.0615602
0 0.545251 0.935911 0.0194789 0.0540178
0 0.389004 0.451705 0.0261968 0.0211878
0 0.930188 0.905322 0.030843 0.0450523
0 0.591362 0.37539 0.0474839 0.0997638
0 0.578813 0.52406 0.0883806 0.11486
0 0.745529 0.631234 0.0310471 0.0575612
0 0.579781 0.529834 0.0701075 0.0967411
0 0.570858 0.509291 0.0596564 0.0842235
0 0.593434 0.385973 0.0567151 0.119173
0 0.595787 0.414255 0.0575957 0.127078
0 0.607117 0.434235 0.0391309 0.0849808
0 0.124063 0.7246 0.0352615 0.0917468
