0 0.662536 0.665319 0.0589639 0.0465951
0 0.122522 0.750642 0.0350485 0.0839542
0 0.209894 0.862324 0.0468167 0.117542
0 0.599258 0.379558 0.0425209 0.10025
0 0.444328 0.849455 0.0261237 0.0349455
0 0.603036 0.525579 0.101539 0.0679078
0 0.769178 0.673465 0.10315 0.0794518
0 0.777702 0.743949 0.0861425 0.033214
0 0.376196 0.462735 0.0330644 0.0230067
0 0.210354 0.8738 0.0371561 0.103738
0 0.315048 0.410213 0.0306212 0.0367608
0 0.604621 0.395486 0.026463 0.0721534
0 0.526593 0.0142385 0.0287671 0.0284771
