0 0.566522 0.0483293 0.0624279 0.0476199
0 0.191193 0.679981 0.0373849 0.0700942
0 0.838982 0.757432 0.0395379 0.046948
0 0.214069 0.844153 0.0549067 0.0842068
0 0.133255 0.466074 0.0352873 0.0719204
0 0.670384 0.654578 0.0465541 0.044108
0 0.803283 0.684608 0.057759 0.063484
0 0.718609 0.565316 0.0809574 0.0792341
0 0.588362 0.3701 0.0786963 0.105157
0 0.576159 0.488083 0.0608615 0.0658029
0 0.933921 0.89316 0.0296004 0.0427595
0 0.618539 0.481197 0.0550792 0.106328
0 0.630439 0.490379 0.033972 0.0781801
0 0.128046 0.717956 0.0376815 0.090277
0 0.399075 0.441849 0.0258063 0.0256314
