0 0.412517 0.797291 0.0450698 0.038311
0 0.638928 0.640339 0.0662959 0.0689814
0 0.201557 0.697703 0.0401019 0.0751972
0 0.509428 0.190813 0.0273629 0.0679738
0 0.926054 0.907866 0.0289084 0.0466524
0 0.217134 0.860767 0.0433412 0.0757105
0 0.557211 0.500853 0.0439903 0.0726497
0 0.811985 0.719826 0.0514743 0.0637376
0 0.486479 0.732835 0.0736867 0.0892687
0 0.582454 0.381623 0.0246376 0.0917599
0 0.120785 0.739261 0.0323185 0.0796632
0 0.823732 0.753437 0.0573342 0.0609736
0 0.626472 0.305926 0.0392952 0.0943755
0 0.817157 0.732479 0.0586746 0.0949345
0 0.581572 0.371578 0.033121 0.0999153
0 0.616236 0.523091 0.0844083 0.0696886
0 0.610999 0.512737 0.09354 0.0806677
0 0.62429 0.523664 0.0646119 0.0581418
0 0.608851 0.309133 0.0730948 0.103502
0 0.583785 0.504399 0.0970165 0.0780551
0 0.383331 0.462581 0.0232338 0.0229893
0 0.724617 0.839911 0.0261474 0.0304868
