0 0.604774 0.605124 0.0367174 0.0445943
0 0.654077 0.479434 0.0375488 0.0606223
0 0.11348 0.76172 0.0329991 0.0300083
0 0.835196 0.759192 0.0482814 0.0765216
0 0.185772 0.665959 0.0351058 0.0536094
0 0.904336 0.885945 0.0386386 0.0561459
0 0.333969 0.232943 0.022491 0.0388318
0 0.645238 0.157637 0.0216691 0.0445279
0 0.540712 0.466879 0.0282586 0.0858983
0 0.540934 0.283858 0.0224655 0.0512286
0 0.0853961 0.499272 0.0440211 0.0443015
0 0.0243901 0.616076 0.0324866 0.0639063
0 0.151751 0.420926 0.0278094 0.0503634
0 0.0920016 0.482322 0.0555992 0.0707082
0 0.459213 0.679476 0.112047 0.112472
0 0.452165 0.666629 0.100038 0.0978017
0 0.506555 0.225146 0.0225714 0.0434608
0 0.485981 0.727611 0.0968709 0.125642
0 0.461035 0.703958 0.117532 0.141174
