0 0.191529 0.68556 0.0369856 0.0607903
0 0.835487 0.761221 0.0467091 0.0493796
0 0.671686 0.659581 0.0531161 0.0465193
0 0.214522 0.84378 0.0597362 0.0838761
0 0.476049 0.696989 0.0334651 0.0430384
0 0.581929 0.368643 0.0278146 0.0868599
0 0.803661 0.686025 0.0584726 0.0623353
0 0.933252 0.906837 0.0309078 0.0369214
0 0.578053 0.51955 0.0697907 0.120443
0 0.391991 0.444237 0.0280069 0.0208895
0 0.606286 0.441339 0.0385416 0.0884698
0 0.746749 0.633455 0.0316148 0.0489094
0 0.587372 0.517015 0.0983447 0.136225
0 0.58723 0.531617 0.0832791 0.114486
0 0.606078 0.458951 0.0465772 0.111877
0 0.129286 0.722989 0.0337675 0.08795
0 0.594835 0.491988 0.0878985 0.137926
