0 0.113411 0.762289 0.0334242 0.0286474
0 0.606326 0.606115 0.0344729 0.0450495
0 0.836651 0.759746 0.0454351 0.0790372
0 0.186561 0.668731 0.039049 0.062736
0 0.654945 0.480966 0.0370167 0.0674588
0 0.426129 0.645737 0.0387056 0.0597689
0 0.905298 0.885891 0.0353835 0.0556214
0 0.645356 0.156273 0.0213287 0.0457979
0 0.150795 0.424172 0.0264869 0.0525373
0 0.0831582 0.503235 0.0431127 0.0358927
0 0.542962 0.46675 0.0329208 0.08121
0 0.493831 0.73597 0.0877055 0.135927
0 0.0238857 0.617092 0.0297009 0.0569539
0 0.540689 0.281971 0.0262053 0.045325
0 0.505858 0.225163 0.02379 0.0432029
0 0.332997 0.23302 0.0185891 0.0353538
0 0.0919882 0.483036 0.0528294 0.0629928
0 0.487545 0.725613 0.078072 0.110205
0 0.0891443 0.492075 0.0517521 0.0673745
