0 0.422349 0.639316 0.0447167 0.0571411
0 0.606366 0.606094 0.0354711 0.044209
0 0.112917 0.76117 0.0301544 0.0249428
0 0.186131 0.666355 0.037995 0.058475
0 0.654263 0.477912 0.0366707 0.0608142
0 0.835433 0.759728 0.0493578 0.0828942
0 0.907277 0.885676 0.0358708 0.0572753
0 0.543135 0.469875 0.0324459 0.0761244
0 0.645066 0.156816 0.0192666 0.0470518
0 0.0798777 0.508444 0.0365937 0.0273732
0 0.54131 0.283967 0.0205073 0.0434047
0 0.496361 0.73797 0.0786731 0.129359
0 0.150486 0.419269 0.0260204 0.0420063
0 0.333751 0.23392 0.0172924 0.0361143
0 0.0240582 0.615212 0.028464 0.0552061
0 0.100832 0.471435 0.0387936 0.0493436
0 0.488967 0.727303 0.0671933 0.104351
0 0.505781 0.227466 0.0238334 0.0407256
0 0.839678 0.767405 0.0415618 0.0737765
0 0.108068 0.471356 0.0296975 0.053463
