0 0.607698 0.607198 0.0345008 0.0456996
0 0.113577 0.762553 0.0309955 0.0279069
0 0.186608 0.667985 0.037438 0.0576416
0 0.653834 0.478871 0.0387287 0.0622974
0 0.834064 0.757107 0.0513985 0.0840216
0 0.544401 0.474865 0.0383335 0.0848681
0 0.644701 0.157574 0.0212765 0.0593815
0 0.427491 0.649094 0.0658118 0.0918705
0 0.542023 0.282668 0.0230744 0.0528289
0 0.906923 0.888295 0.0342886 0.0556492
0 0.150662 0.423007 0.0256878 0.0482231
0 0.0813757 0.506691 0.0395924 0.0299423
0 0.0993706 0.476808 0.0408607 0.0501275
0 0.0245543 0.617552 0.0337651 0.0638688
0 0.506987 0.226095 0.0223793 0.0402608
0 0.519697 0.8068 0.0622912 0.0984303
0 0.518134 0.793811 0.0702565 0.125476
0 0.091998 0.488256 0.0545525 0.070637
0 0.496072 0.726111 0.0425749 0.0954071
0 0.504135 0.743635 0.057621 0.136055
0 0.839316 0.766663 0.0418639 0.0701759
