0 0.835639 0.76256 0.0457845 0.050283
0 0.19234 0.683107 0.0357887 0.0601809
0 0.214239 0.843462 0.0604838 0.0834854
0 0.668744 0.658725 0.0469359 0.0413491
0 0.805505 0.688049 0.0555677 0.0587752
0 0.582372 0.36887 0.0245001 0.0861974
0 0.61803 0.0753284 0.0222564 0.0434394
0 0.571031 0.49151 0.0555894 0.0839506
0 0.390802 0.444205 0.0321162 0.0232555
0 0.60657 0.567238 0.0344009 0.0327947
0 0.474775 0.899617 0.0228509 0.0688688
0 0.931959 0.902593 0.0246333 0.0416521
0 0.606082 0.438676 0.0307715 0.0896323
0 0.471161 0.691173 0.0299388 0.029496
0 0.380427 0.497433 0.0248902 0.0436572
0 0.604389 0.462851 0.0502865 0.124364
0 0.739936 0.626078 0.0308321 0.058418
0 0.747315 0.626287 0.0355675 0.0609323
