0 0.4824 0.706328 0.0538615 0.0646467
0 0.831509 0.762724 0.0512455 0.0453697
0 0.138688 0.451473 0.0214392 0.0408891
0 0.19053 0.690121 0.0387072 0.0638976
0 0.804457 0.692624 0.0525405 0.060544
0 0.215882 0.845962 0.0599638 0.091922
0 0.670117 0.662604 0.0638769 0.0538745
0 0.545408 0.932384 0.0191581 0.0453043
0 0.590662 0.373193 0.0464644 0.0932407
0 0.389497 0.45291 0.0278236 0.022637
0 0.931096 0.90634 0.0289516 0.0399362
0 0.579861 0.52275 0.0879693 0.116875
0 0.747731 0.635891 0.0343765 0.0550733
0 0.578454 0.529962 0.073066 0.0977631
0 0.571299 0.510035 0.0604081 0.0829463
0 0.600456 0.422645 0.0430746 0.103576
0 0.60784 0.440417 0.0340512 0.0780323
0 0.592363 0.382629 0.0567589 0.112286
0 0.128914 0.724797 0.0370376 0.0908402
