0 0.567509 0.814847 0.0368893 0.0601106
0 0.398679 0.451874 0.0274057 0.026353
0 0.870515 0.777733 0.0571935 0.0403979
0 0.590852 0.558753 0.0337605 0.034317
0 0.477426 0.660968 0.0527334 0.073215
0 0.574975 0.488644 0.043335 0.0585248
0 0.181514 0.653014 0.046257 0.0677242
0 0.0556536 0.509043 0.0270292 0.0656291
0 0.682216 0.494652 0.0296081 0.0582193
0 0.136988 0.490194 0.0194488 0.0343957
0 0.758676 0.622388 0.0655165 0.0931244
0 0.64853 0.368705 0.0349232 0.0544671
0 0.818233 0.693644 0.0472112 0.0537059
0 0.940477 0.899403 0.0317621 0.0407788
0 0.262975 0.170623 0.0213468 0.024522
0 0.565325 0.192677 0.0282875 0.0613251
0 0.771385 0.622676 0.0909742 0.0967453
