0 0.413726 0.796569 0.0423106 0.040262
0 0.200269 0.698134 0.0423211 0.0739263
0 0.637221 0.640115 0.0680182 0.0681901
0 0.50944 0.192507 0.0261536 0.0645944
0 0.559302 0.500726 0.0467949 0.0690291
0 0.926341 0.907635 0.0292535 0.0475874
0 0.811728 0.718704 0.05468 0.0660601
0 0.215756 0.857506 0.0394616 0.0742555
0 0.489196 0.73424 0.0711321 0.0909522
0 0.582613 0.378069 0.0237052 0.0885596
0 0.121243 0.738558 0.0315365 0.0794652
0 0.824908 0.754495 0.0568678 0.0603006
0 0.817658 0.731324 0.0597352 0.097057
0 0.582099 0.369427 0.0295217 0.0968224
0 0.621257 0.309529 0.0466077 0.0920496
0 0.145179 0.44116 0.0180986 0.0363895
0 0.634426 0.530412 0.0610625 0.0612192
0 0.495365 0.738196 0.0542841 0.0810955
0 0.207098 0.855027 0.0327684 0.0823892
0 0.482837 0.724757 0.0699676 0.0823078
0 0.607938 0.314064 0.0724211 0.101091
0 0.383597 0.462348 0.0225642 0.022594
0 0.217725 0.86654 0.0375839 0.0543675
0 0.614122 0.323219 0.0582414 0.128486
