0 0.608138 0.607189 0.0313339 0.0397652
0 0.837606 0.761331 0.0435634 0.0756168
0 0.114503 0.763172 0.0320524 0.0279827
0 0.907503 0.887632 0.0348983 0.0550003
0 0.187051 0.668325 0.0375142 0.0572871
0 0.655108 0.483043 0.0373884 0.0654937
0 0.644879 0.161208 0.0228529 0.0577821
0 0.0788169 0.507084 0.036867 0.0257536
0 0.544663 0.474314 0.0375503 0.0834028
0 0.429108 0.651581 0.0673024 0.0920053
0 0.541795 0.285822 0.0218878 0.0527528
0 0.150391 0.422778 0.0249415 0.0468231
0 0.506913 0.226891 0.0241286 0.0410545
0 0.0241288 0.61616 0.0314318 0.0627898
0 0.521937 0.809814 0.0628138 0.107847
0 0.509754 0.748214 0.0620682 0.125158
