0 0.834695 0.766877 0.0466878 0.0462466
0 0.803747 0.69666 0.052596 0.0614427
0 0.194132 0.696087 0.0406114 0.0619096
0 0.486264 0.714061 0.05583 0.0715642
0 0.570763 0.517031 0.0535798 0.0858198
0 0.651088 0.65202 0.0620508 0.0610752
0 0.216185 0.850189 0.051614 0.0826542
0 0.385902 0.457632 0.0249385 0.0250686
0 0.592849 0.374538 0.0467157 0.0872523
0 0.744493 0.62303 0.0371344 0.0653425
0 0.929219 0.907888 0.0231314 0.0370901
0 0.600972 0.417711 0.0331875 0.0669491
0 0.123331 0.731084 0.0345804 0.0947458
0 0.40361 0.38568 0.0306575 0.0302068
0 0.748659 0.626329 0.0520024 0.0647964
