0 0.480257 0.704301 0.0486833 0.0605602
0 0.833992 0.761372 0.045996 0.0485331
0 0.669344 0.658799 0.0535486 0.0463974
0 0.214443 0.842781 0.0590967 0.0828624
0 0.191284 0.687131 0.0379445 0.0654542
0 0.803375 0.687393 0.0594004 0.0649526
0 0.205269 0.915388 0.0297643 0.0416336
0 0.582235 0.369901 0.0278089 0.0867133
0 0.089221 0.632921 0.0278983 0.0661079
0 0.39159 0.445153 0.0289305 0.020137
0 0.931034 0.905851 0.0282357 0.0418868
0 0.745845 0.628867 0.030813 0.0546441
0 0.605866 0.440699 0.0386779 0.0988486
0 0.610614 0.454632 0.0346848 0.104146
0 0.596583 0.541952 0.090584 0.115746
0 0.573224 0.50142 0.0590577 0.0835139
0 0.130492 0.721292 0.03474 0.0884993
0 0.602045 0.487051 0.0694426 0.124424
