0 0.800393 0.673407 0.0601447 0.0574504
0 0.926447 0.876481 0.0446646 0.0636349
0 0.670792 0.651504 0.0451643 0.0402046
0 0.535371 0.0538951 0.0972552 0.0357578
0 0.136087 0.452908 0.0354392 0.0818051
0 0.190097 0.678697 0.0367674 0.0720103
0 0.193635 0.895016 0.0395977 0.0433562
0 0.610104 0.344706 0.0964785 0.0663167
0 0.39423 0.442554 0.0308803 0.0242239
0 0.558657 0.802175 0.0263979 0.0405586
0 0.569438 0.481269 0.0598587 0.05111
0 0.841918 0.760448 0.0327766 0.0444622
0 0.218844 0.847402 0.040112 0.0618374
0 0.209106 0.84101 0.0370128 0.0788405
0 0.636112 0.490738 0.0458159 0.0874853
0 0.215872 0.843161 0.0492851 0.0780547
0 0.612435 0.365564 0.0930551 0.0974896
0 0.123955 0.719262 0.0344696 0.0865109
0 0.622588 0.475811 0.0712028 0.120117
0 0.597405 0.43144 0.0674192 0.110241
