0 0.113646 0.762013 0.0298835 0.024966
0 0.608894 0.608618 0.0308415 0.0423415
0 0.185041 0.664615 0.0346288 0.0516487
0 0.546702 0.476516 0.0365674 0.0796905
0 0.833318 0.755179 0.0524683 0.0854292
0 0.645388 0.171998 0.0233542 0.0818393
0 0.655371 0.479793 0.0352809 0.0583565
0 0.079083 0.506561 0.0379937 0.0303804
0 0.907192 0.886138 0.0343089 0.0555522
0 0.152202 0.419766 0.0285678 0.0554803
0 0.541119 0.282571 0.0271385 0.0499185
0 0.506351 0.223046 0.0239526 0.0478427
0 0.0243993 0.619674 0.0342716 0.0695474
0 0.105379 0.474546 0.0289229 0.0390973
0 0.43699 0.64807 0.0870144 0.123798
0 0.422111 0.629895 0.0602382 0.080456
0 0.53469 0.856354 0.044359 0.122326
0 0.541932 0.876549 0.0331466 0.103391
0 0.643088 0.179036 0.0215623 0.0718858
0 0.505494 0.743209 0.0537657 0.123605
0 0.5486 0.899027 0.0222414 0.0581534
0 0.528149 0.830734 0.0378129 0.12231
0 0.437478 0.664388 0.068102 0.0988954
0 0.51613 0.793844 0.0519049 0.132221
