0 0.484748 0.713081 0.0505679 0.0690227
0 0.833782 0.765514 0.0502861 0.0529379
0 0.80449 0.695028 0.054898 0.0619893
0 0.139478 0.453888 0.0206789 0.0494955
0 0.192234 0.694137 0.0391886 0.0614532
0 0.6554 0.653971 0.0640705 0.0586885
0 0.216175 0.850478 0.0533811 0.0809771
0 0.571456 0.521404 0.05698 0.0916445
0 0.386318 0.457653 0.0243958 0.0252475
0 0.403142 0.391649 0.0306723 0.0338186
0 0.594818 0.375907 0.0527668 0.095781
0 0.743603 0.628993 0.0322505 0.0574806
0 0.123926 0.730407 0.0355033 0.0948217
0 0.929431 0.908659 0.0239434 0.0342307
0 0.595915 0.406797 0.0471301 0.106939
0 0.604723 0.427987 0.0347071 0.0661331
0 0.519412 0.176918 0.0132353 0.0324578
