0 0.616982 0.62494 0.0521486 0.0571198
0 0.507674 0.206876 0.0237743 0.0634338
0 0.194497 0.690164 0.042118 0.076746
0 0.919229 0.903626 0.0369549 0.058583
0 0.81277 0.731687 0.0681713 0.0847672
0 0.545105 0.487989 0.0392773 0.0752826
0 0.318081 0.50508 0.0342821 0.0748923
0 0.576577 0.384175 0.0352257 0.106907
0 0.66539 0.514844 0.0518947 0.103557
0 0.146931 0.440742 0.0213956 0.0378497
0 0.498585 0.743804 0.0530261 0.0933106
0 0.485978 0.698783 0.0297982 0.0505223
0 0.577639 0.395768 0.0287309 0.0793734
0 0.599656 0.497274 0.0591588 0.0787553
0 0.667587 0.521308 0.0384709 0.0911644
