0 0.41018 0.787581 0.0364103 0.0306717
0 0.509164 0.197187 0.02786 0.0713124
0 0.637996 0.63897 0.0655648 0.0649744
0 0.200316 0.695927 0.0419402 0.0762244
0 0.926926 0.906306 0.029218 0.0496449
0 0.556152 0.497381 0.0466279 0.0730284
0 0.828786 0.764953 0.055608 0.0468502
0 0.811529 0.714381 0.0477017 0.0481683
0 0.58353 0.383111 0.0230753 0.0847653
0 0.484817 0.728863 0.0753255 0.0970185
0 0.216427 0.862268 0.039172 0.0631585
0 0.120085 0.739568 0.028223 0.0751224
0 0.627166 0.304487 0.0366137 0.0913091
0 0.583492 0.375207 0.0286577 0.0968556
0 0.815366 0.718501 0.0526727 0.0624523
0 0.611573 0.306628 0.0658557 0.0997279
0 0.490869 0.73789 0.0686444 0.0797403
0 0.675498 0.492089 0.036719 0.0268259
0 0.38237 0.462239 0.027373 0.021709
