0 0.835873 0.760916 0.0457058 0.048438
0 0.191404 0.685261 0.0368602 0.0664798
0 0.213008 0.841967 0.0619553 0.0843329
0 0.673365 0.661908 0.055705 0.0496519
0 0.803809 0.687528 0.0558457 0.0599934
0 0.473353 0.69223 0.0384672 0.052017
0 0.581468 0.368089 0.028748 0.0878886
0 0.57892 0.521145 0.0739796 0.123476
0 0.588509 0.518147 0.100882 0.138765
0 0.745836 0.627036 0.0300205 0.0465577
0 0.391324 0.443396 0.0275755 0.0220996
0 0.607166 0.439869 0.0306723 0.0882922
0 0.590025 0.53348 0.0882146 0.116263
0 0.932405 0.905682 0.0278206 0.0380759
0 0.129002 0.721993 0.0381369 0.092283
0 0.609354 0.461587 0.0379434 0.11223
0 0.595146 0.493995 0.0889103 0.137133
0 0.742234 0.62992 0.0279856 0.0557671
0 0.574899 0.506699 0.061687 0.0969069
