0 0.114827 0.763874 0.0337465 0.0321927
0 0.654717 0.481923 0.0368978 0.060474
0 0.732096 0.589231 0.0627558 0.0843146
0 0.186036 0.666169 0.0361363 0.0531929
0 0.647714 0.200962 0.0215187 0.0547765
0 0.545192 0.481304 0.0385554 0.0810829
0 0.833728 0.756701 0.0537907 0.0881443
0 0.90493 0.882352 0.0358438 0.0552847
0 0.389459 0.456424 0.0257552 0.0203099
0 0.0893549 0.484764 0.0624328 0.0720721
0 0.541086 0.281181 0.0263033 0.0449479
0 0.150263 0.421837 0.0245827 0.0491645
0 0.408747 0.607568 0.041777 0.0506842
0 0.0865037 0.492294 0.0521471 0.0556774
0 0.0243757 0.617738 0.0312284 0.0610435
0 0.506343 0.225966 0.0244941 0.0432493
0 0.613255 0.613921 0.0272315 0.0351148
0 0.507558 0.744014 0.0443151 0.0929146
0 0.497582 0.731581 0.0517665 0.120076
0 0.451442 0.668079 0.059663 0.0909135
0 0.447513 0.657325 0.0747579 0.102005
0 0.83991 0.766802 0.0420295 0.0735795
0 0.495281 0.70833 0.0440497 0.109338
0 0.430836 0.632576 0.0827081 0.101452
