0 0.191975 0.683495 0.0368392 0.0602772
0 0.834672 0.761199 0.0452101 0.0492299
0 0.477615 0.700324 0.0345076 0.0436411
0 0.215861 0.844089 0.0585245 0.0833962
0 0.802893 0.68628 0.0574086 0.0631278
0 0.581797 0.369793 0.0267615 0.0873314
0 0.668222 0.65734 0.0456507 0.0425746
0 0.589132 0.518193 0.0948509 0.136552
0 0.744591 0.627899 0.037328 0.067625
0 0.580764 0.521846 0.0730324 0.123761
0 0.931386 0.903815 0.0273577 0.0380777
0 0.60363 0.438947 0.0402251 0.0938073
0 0.391711 0.44385 0.0273671 0.0210145
0 0.589385 0.531764 0.0771062 0.110924
0 0.604474 0.45833 0.0492202 0.118242
0 0.462449 0.866233 0.0226014 0.0296898
0 0.129415 0.726752 0.034519 0.0896282
0 0.594608 0.492649 0.0907245 0.140857
0 0.751097 0.62897 0.0522792 0.0665483
