0 0.833305 0.765936 0.0457964 0.0451493
0 0.484103 0.714148 0.0518098 0.0733751
0 0.80439 0.698175 0.0556936 0.0623319
0 0.401469 0.381722 0.028688 0.0292675
0 0.216164 0.851467 0.053533 0.0799612
0 0.651647 0.651767 0.0634542 0.0615147
0 0.197124 0.689863 0.0336482 0.072619
0 0.385869 0.45868 0.0260656 0.0255245
0 0.569686 0.516495 0.0531085 0.0866996
0 0.741408 0.625474 0.0309455 0.0592809
0 0.595059 0.377083 0.0527432 0.099454
0 0.929303 0.909469 0.0223339 0.03882
0 0.123151 0.730515 0.0350696 0.0980684
0 0.594414 0.406187 0.0495793 0.106125
0 0.73728 0.62647 0.0214621 0.056952
