0 0.1146 0.763234 0.0325049 0.0289844
0 0.730115 0.584762 0.0610129 0.0802945
0 0.654587 0.48072 0.0368943 0.0625399
0 0.185599 0.667353 0.034684 0.0555576
0 0.908224 0.886483 0.0362024 0.0581801
0 0.610304 0.610332 0.0273015 0.0361779
0 0.548486 0.480699 0.0411632 0.083773
0 0.0792338 0.506697 0.0335159 0.0253062
0 0.645978 0.184523 0.0205379 0.0698617
0 0.391247 0.453624 0.0270609 0.0208821
0 0.832923 0.757696 0.0536366 0.0858099
0 0.151652 0.421661 0.0272583 0.0516655
0 0.541011 0.283979 0.0201393 0.0433086
0 0.506689 0.225352 0.0227949 0.043033
0 0.0238602 0.621174 0.0335336 0.0683947
0 0.550625 0.489161 0.0377067 0.0607527
0 0.505157 0.747955 0.0494296 0.106414
0 0.413613 0.626255 0.0465264 0.0788589
0 0.497355 0.736642 0.0505287 0.12723
0 0.446486 0.652535 0.0802394 0.11719
0 0.449409 0.666334 0.066265 0.102365
0 0.434253 0.636121 0.0790869 0.0994915
0 0.491516 0.708212 0.0482614 0.119345
0 0.839718 0.76734 0.0411284 0.0702822
0 0.10436 0.473044 0.0293845 0.036355
0 0.543362 0.84571 0.0186956 0.0322509
