0 0.91665 0.893115 0.0468776 0.0648911
0 0.195045 0.683194 0.0462881 0.0703664
0 0.550461 0.490439 0.0370238 0.0681556
0 0.67578 0.527364 0.0491779 0.0694306
0 0.621483 0.62086 0.0323696 0.0378659
0 0.582895 0.3977 0.0229762 0.0778139
0 0.393237 0.386873 0.0292284 0.0950119
0 0.820821 0.721315 0.0571244 0.0698634
0 0.506898 0.216692 0.0237365 0.0557362
0 0.110008 0.759299 0.0243518 0.0202551
0 0.834699 0.760106 0.0466216 0.0678866
0 0.389404 0.756064 0.0336854 0.0219269
0 0.394661 0.398201 0.0271544 0.0675853
0 0.634873 0.269771 0.0214446 0.0475842
0 0.467577 0.66488 0.0506325 0.0805453
0 0.14778 0.433637 0.0190681 0.0329992
0 0.487804 0.724513 0.0894226 0.108066
0 0.743916 0.609626 0.0469184 0.0618526
0 0.470371 0.683756 0.0694507 0.118058
0 0.388999 0.461979 0.0241293 0.0244654
0 0.490463 0.739176 0.0812971 0.0851934
0 0.480483 0.710121 0.0932928 0.1449
