0 0.91568 0.893166 0.0414975 0.0638456
0 0.194689 0.682879 0.0455506 0.0708644
0 0.551634 0.490315 0.0362719 0.0677037
0 0.67959 0.530988 0.0454284 0.0622081
0 0.622692 0.620833 0.0349658 0.0356982
0 0.583464 0.396017 0.0232365 0.079273
0 0.378913 0.426917 0.05186 0.0988977
0 0.39069 0.75705 0.0321678 0.0230243
0 0.148311 0.430812 0.0211285 0.0367749
0 0.506855 0.21568 0.0243231 0.0556557
0 0.109487 0.758423 0.0228283 0.0197439
0 0.822258 0.724425 0.0563654 0.0733198
0 0.63308 0.280932 0.025353 0.0636401
0 0.832096 0.752365 0.0498435 0.0792806
0 0.743399 0.606763 0.047045 0.0594707
0 0.0732986 0.509109 0.0209592 0.0196638
0 0.463781 0.665049 0.057547 0.0827347
0 0.485178 0.728627 0.0913566 0.112795
0 0.465984 0.680398 0.0693856 0.11663
0 0.492982 0.73969 0.0784671 0.0823174
0 0.480734 0.70926 0.0951271 0.147782
