0 0.113939 0.763117 0.0315628 0.0292169
0 0.653562 0.480964 0.039508 0.0650259
0 0.185349 0.667388 0.0335952 0.0547154
0 0.546853 0.479087 0.0379293 0.0814912
0 0.727906 0.581041 0.0632855 0.0822405
0 0.835711 0.760166 0.0496156 0.087698
0 0.609989 0.609107 0.0256588 0.0386977
0 0.645958 0.185099 0.0210227 0.0741409
0 0.0792787 0.508315 0.0386944 0.0252535
0 0.907155 0.888373 0.0357097 0.0576534
0 0.391111 0.453669 0.028751 0.0214895
0 0.149604 0.419451 0.0254013 0.0424079
0 0.540674 0.288695 0.0208198 0.0488968
0 0.434406 0.653092 0.0821729 0.11035
0 0.0994616 0.474057 0.0390682 0.0472348
0 0.0249051 0.620405 0.0345789 0.0684524
0 0.505534 0.226328 0.023864 0.0423281
0 0.511669 0.757785 0.0598475 0.122862
0 0.431196 0.637343 0.0765059 0.0838692
0 0.548992 0.488052 0.035821 0.0614498
0 0.540564 0.285846 0.0274611 0.0492685
0 0.505892 0.744439 0.0523879 0.123214
0 0.5153 0.779223 0.0508127 0.100773
0 0.106314 0.472718 0.0312642 0.0510076
0 0.535875 0.819684 0.0295703 0.0640609
0 0.0909353 0.486077 0.0540877 0.0674814
