0 0.482085 0.708644 0.0542305 0.06691
0 0.541742 0.920591 0.0266962 0.0641003
0 0.191132 0.691502 0.0376977 0.0614705
0 0.667941 0.662487 0.063565 0.0576413
0 0.831911 0.764023 0.0530541 0.0527449
0 0.575138 0.522064 0.0667419 0.100678
0 0.216155 0.85886 0.0558685 0.108511
0 0.931993 0.904615 0.0295577 0.0422263
0 0.804943 0.700873 0.0550399 0.0758271
0 0.595783 0.37535 0.0572424 0.0985077
0 0.388381 0.453825 0.0267714 0.021436
0 0.746822 0.632935 0.0335677 0.0598135
0 0.218492 0.877851 0.0457525 0.11151
0 0.124199 0.725863 0.0353255 0.0914142
0 0.598119 0.412065 0.0480926 0.117047
0 0.607788 0.432533 0.034772 0.0735257
0 0.74104 0.634894 0.0337043 0.071896
0 0.220444 0.903322 0.0329273 0.0702164
