0 0.191654 0.678781 0.0417698 0.0667111
0 0.913733 0.890869 0.03912 0.058213
0 0.548724 0.487972 0.0372169 0.0726684
0 0.111524 0.760287 0.0275264 0.0231063
0 0.615788 0.616139 0.0278273 0.0376377
0 0.641917 0.243649 0.0269036 0.060634
0 0.148972 0.425924 0.0219101 0.043944
0 0.665125 0.517748 0.0450836 0.0831074
0 0.581961 0.398312 0.0242894 0.0728151
0 0.0726721 0.509132 0.0242739 0.0183697
0 0.830355 0.749627 0.0576007 0.0956938
0 0.507441 0.216913 0.0219531 0.0478185
0 0.541433 0.275091 0.0229729 0.0353843
0 0.33296 0.235218 0.0372277 0.0776769
0 0.48894 0.72108 0.0912896 0.117931
0 0.326231 0.222496 0.0273446 0.0525942
0 0.34033 0.246463 0.0378078 0.0651246
0 0.217285 0.914245 0.0318731 0.0571973
0 0.3794 0.743117 0.0320909 0.0207992
0 0.822733 0.733614 0.0588624 0.0655626
0 0.0262651 0.615122 0.0364855 0.0553908
0 0.472195 0.694782 0.0836115 0.0923169
0 0.656668 0.512322 0.0510145 0.0784902
0 0.488696 0.738189 0.0792928 0.0904658
0 0.343855 0.252637 0.033545 0.0534525
