0 0.588129 0.553295 0.0352948 0.0401373
0 0.575674 0.827489 0.0382874 0.069135
0 0.17519 0.637395 0.0364724 0.0465627
0 0.879621 0.787276 0.0459917 0.0356174
0 0.137595 0.488088 0.0212987 0.0415688
0 0.939435 0.890046 0.0421224 0.0607429
0 0.481366 0.663221 0.0581641 0.0860035
0 0.577837 0.478971 0.0260942 0.0344072
0 0.824391 0.703857 0.0334738 0.0314932
0 0.76815 0.620387 0.0913078 0.101932
0 0.680795 0.502717 0.0290942 0.0793725
0 0.399451 0.454002 0.0251495 0.0238131
0 0.683459 0.50259 0.0407262 0.0861566
0 0.0491414 0.553651 0.0204192 0.0317075
0 0.484195 0.672926 0.049189 0.0682042
0 0.0361207 0.625071 0.0238113 0.0597734
0 0.565394 0.198123 0.0285791 0.0636169
