0 0.665117 0.666983 0.0558171 0.0480051
0 0.190353 0.853187 0.081462 0.0940599
0 0.122457 0.750452 0.0343067 0.0776579
0 0.604874 0.526099 0.107258 0.0695529
0 0.597778 0.387342 0.0467074 0.110417
0 0.768695 0.673 0.103819 0.0767267
0 0.377732 0.460951 0.0295525 0.0228024
0 0.471256 0.926052 0.02968 0.056278
0 0.365132 0.380679 0.0774543 0.0271227
0 0.779461 0.74512 0.084426 0.0331076
0 0.589353 0.384083 0.0661609 0.118214
0 0.591821 0.378386 0.0541302 0.0927564
0 0.602816 0.397826 0.0331117 0.08553
0 0.19901 0.712273 0.0226589 0.0248928
