0 0.586839 0.547783 0.038666 0.0401201
0 0.939524 0.889039 0.0411541 0.0576003
0 0.180257 0.638192 0.0325963 0.0485115
0 0.57709 0.477705 0.0281914 0.0345618
0 0.138033 0.485957 0.0211753 0.0416783
0 0.589033 0.921491 0.0282105 0.0492445
0 0.574752 0.818391 0.0385156 0.0596608
0 0.399655 0.445958 0.0238245 0.0244606
0 0.880743 0.785661 0.0511006 0.0402324
0 0.480325 0.657866 0.0573097 0.0781941
0 0.680764 0.490795 0.0278764 0.0627887
0 0.118735 0.39933 0.0262965 0.0566225
0 0.554134 0.148501 0.0193877 0.0459713
0 0.767876 0.614895 0.0968158 0.111034
0 0.828322 0.703436 0.0257208 0.0207427
0 0.119316 0.740877 0.0236585 0.0244911
0 0.681809 0.496172 0.036973 0.0751386
0 0.0371813 0.614888 0.0214851 0.0551459
0 0.654265 0.389172 0.0351616 0.0463567
0 0.0792051 0.484539 0.0224584 0.0213628
