0 0.608628 0.607594 0.0352426 0.0447904
0 0.115893 0.763976 0.0353827 0.0293229
0 0.654212 0.479407 0.0374984 0.0605478
0 0.837428 0.760233 0.0442257 0.0775592
0 0.543567 0.473967 0.0354171 0.0772677
0 0.906939 0.887639 0.0383418 0.0558286
0 0.646012 0.165411 0.0223584 0.0724944
0 0.184394 0.664843 0.031649 0.05319
0 0.0790033 0.507772 0.0352541 0.0260828
0 0.428083 0.650199 0.0670403 0.0961363
0 0.024444 0.616878 0.0320121 0.0599989
0 0.542177 0.282756 0.0198638 0.0453613
0 0.151221 0.419577 0.0264363 0.0470751
0 0.100079 0.474325 0.0374224 0.0477765
0 0.50563 0.226044 0.0250237 0.0442966
0 0.529406 0.820584 0.0526059 0.116643
0 0.500313 0.738346 0.050853 0.134722
0 0.524367 0.803631 0.069025 0.131043
0 0.496005 0.722282 0.0398302 0.0987663
0 0.532239 0.835045 0.0444121 0.0977709
0 0.0910988 0.487036 0.0503323 0.0688339
