0 0.418489 0.807055 0.0399832 0.03966
0 0.641779 0.64253 0.0623755 0.0640974
0 0.831403 0.768112 0.0579714 0.0532165
0 0.538697 0.85045 0.0456405 0.0687983
0 0.198617 0.694411 0.0371003 0.0732477
0 0.928515 0.907503 0.032429 0.0497717
0 0.561449 0.499829 0.0451248 0.0728779
0 0.490138 0.737805 0.0659394 0.0773555
0 0.811907 0.706721 0.0505803 0.0571136
0 0.220229 0.867113 0.0420453 0.0668405
0 0.50985 0.170143 0.0275226 0.057331
0 0.121255 0.733571 0.0307738 0.0824667
0 0.0282845 0.477548 0.0380679 0.10835
0 0.581892 0.378728 0.0256934 0.0979574
0 0.0250057 0.474064 0.0349112 0.08699
0 0.584561 0.365481 0.040369 0.102145
0 0.611508 0.341064 0.0453548 0.0936269
0 0.610337 0.350137 0.0552535 0.11237
0 0.615623 0.328472 0.0342481 0.0705793
0 0.583056 0.396793 0.0209007 0.058756
