0 0.833926 0.761594 0.0448036 0.0464027
0 0.478704 0.704111 0.0550514 0.0661047
0 0.804495 0.68911 0.060648 0.0625246
0 0.671185 0.660003 0.0611017 0.0553019
0 0.190051 0.688377 0.0402412 0.0641611
0 0.390696 0.446542 0.0284142 0.0225141
0 0.582188 0.36822 0.0305698 0.091073
0 0.215546 0.846261 0.0572988 0.0854168
0 0.110702 0.682124 0.0655051 0.088747
0 0.200935 0.901266 0.0404086 0.0641849
0 0.210862 0.854767 0.0603395 0.1068
0 0.204222 0.8859 0.0531132 0.108871
0 0.743672 0.625127 0.0329905 0.0624634
0 0.738823 0.62835 0.030699 0.0621519
0 0.588275 0.520057 0.0999906 0.135467
0 0.603975 0.439971 0.0372673 0.0858232
0 0.588113 0.536089 0.0852616 0.117918
0 0.931905 0.906667 0.0287876 0.0357977
0 0.577728 0.523544 0.0706288 0.125066
0 0.606616 0.459772 0.0439186 0.114094
0 0.572079 0.50513 0.0562854 0.0932555
0 0.608824 0.486318 0.0580697 0.115494
0 0.593515 0.552337 0.0705369 0.0941982
0 0.688657 0.650606 0.0955904 0.0811505
