0 0.835517 0.760802 0.0458355 0.049943
0 0.191309 0.683031 0.036924 0.0642365
0 0.2141 0.842115 0.058357 0.0830939
0 0.674361 0.662438 0.0567954 0.0516233
0 0.582632 0.370298 0.0273075 0.0885267
0 0.801473 0.685853 0.0638082 0.0646524
0 0.471934 0.687421 0.0327373 0.0467284
0 0.473508 0.893071 0.0257321 0.0653245
0 0.390639 0.442612 0.02861 0.024259
0 0.588359 0.516674 0.101923 0.138711
0 0.578202 0.519423 0.0722928 0.123931
0 0.74351 0.627012 0.0385444 0.0734005
0 0.93162 0.906014 0.0281 0.0425336
0 0.604601 0.437914 0.0374689 0.0984932
0 0.588841 0.532134 0.0889118 0.114077
0 0.129217 0.72337 0.0367521 0.093297
0 0.574936 0.503779 0.06495 0.101508
0 0.605975 0.46326 0.0508754 0.126921
0 0.0899306 0.566044 0.0319716 0.0536807
0 0.593233 0.549399 0.0768716 0.0873075
0 0.596602 0.491623 0.0861318 0.135414
