0 0.604166 0.603529 0.0375178 0.042819
0 0.113931 0.76171 0.0319587 0.0287182
0 0.837369 0.760489 0.0446756 0.0766697
0 0.185599 0.667278 0.0363127 0.0590804
0 0.904553 0.885172 0.037837 0.0567204
0 0.65516 0.480885 0.0376148 0.0627128
0 0.0804588 0.506438 0.0347252 0.0274007
0 0.645056 0.156845 0.0194302 0.0470753
0 0.540795 0.467366 0.0302993 0.0865799
0 0.506589 0.223273 0.0235344 0.0463342
0 0.541226 0.284512 0.020411 0.0472051
0 0.0247677 0.616363 0.0330481 0.0630493
0 0.333123 0.230712 0.0188053 0.0304787
0 0.489242 0.727085 0.0880647 0.121945
0 0.437004 0.656677 0.0615096 0.0810292
0 0.15049 0.422397 0.02583 0.0471183
0 0.447374 0.660454 0.0885539 0.0947156
0 0.102294 0.470856 0.0386191 0.0471574
0 0.478273 0.714599 0.0976753 0.129535
0 0.461872 0.684201 0.108017 0.135128
0 0.107704 0.467426 0.0332052 0.0595063
