0 0.415475 0.799219 0.0403062 0.037412
0 0.639121 0.641409 0.0658197 0.0664341
0 0.200347 0.697019 0.0408366 0.0719628
0 0.811347 0.711632 0.0462822 0.0523226
0 0.509471 0.190589 0.0275424 0.0671175
0 0.927599 0.906746 0.0279763 0.0484474
0 0.559126 0.498341 0.044957 0.0747311
0 0.825984 0.761638 0.0569061 0.0470717
0 0.218491 0.864633 0.0439011 0.0639329
0 0.484911 0.730776 0.0763275 0.0902596
0 0.12208 0.738137 0.0321413 0.0821042
0 0.582427 0.379748 0.0234281 0.0872576
0 0.625375 0.31108 0.0382608 0.0893494
0 0.581739 0.369255 0.0300525 0.0983338
0 0.817046 0.722231 0.0534852 0.0825518
0 0.383558 0.462504 0.0238467 0.0222827
0 0.630633 0.527057 0.051434 0.0490787
0 0.495118 0.737739 0.0536438 0.0775363
0 0.824467 0.753305 0.0602415 0.0660579
0 0.609876 0.315248 0.0701346 0.0992419
0 0.6139 0.321831 0.0591296 0.125248
0 0.124485 0.74104 0.0415402 0.0718552
