0 0.121365 0.755309 0.0317878 0.0769209
0 0.663092 0.664767 0.0588927 0.0482249
0 0.19153 0.856406 0.0799629 0.0971208
0 0.601818 0.365735 0.0484025 0.0911365
0 0.606875 0.523466 0.109377 0.0738896
0 0.435189 0.826339 0.0341185 0.0333357
0 0.765769 0.670321 0.10737 0.0905786
0 0.529225 0.0509678 0.0390897 0.101936
0 0.778608 0.743744 0.0958884 0.0342839
0 0.605778 0.357329 0.0388453 0.0790177
0 0.376702 0.461784 0.0324046 0.0204074
0 0.529321 0.0563609 0.0356116 0.0839281
0 0.59091 0.359544 0.0534406 0.0763296
0 0.774947 0.737833 0.0970945 0.0391928
0 0.771423 0.681027 0.101948 0.0724447
