0 0.837646 0.757504 0.0441585 0.0482934
0 0.190862 0.680726 0.0384208 0.0670443
0 0.671417 0.656269 0.0517054 0.0428901
0 0.214445 0.847096 0.0590543 0.0872166
0 0.396512 0.445995 0.0243371 0.0219214
0 0.585705 0.367953 0.0715089 0.0990506
0 0.775418 0.639356 0.0770373 0.0672581
0 0.568337 0.491867 0.0490851 0.0809524
0 0.804924 0.684115 0.0520055 0.0637856
0 0.799466 0.67644 0.067721 0.0834788
0 0.795566 0.663778 0.0759115 0.118859
0 0.934917 0.903975 0.0287516 0.0361831
0 0.618374 0.468581 0.0707166 0.104772
0 0.123982 0.724413 0.0357878 0.0967126
0 0.186665 0.683144 0.0470892 0.0840983
0 0.612661 0.463628 0.0767176 0.139914
