0 0.115395 0.764735 0.0342567 0.0320603
0 0.733779 0.590831 0.064105 0.0838128
0 0.654056 0.481509 0.0386961 0.0629232
0 0.547321 0.482322 0.0389799 0.0764917
0 0.186335 0.668796 0.0381601 0.0584164
0 0.835351 0.760426 0.0494463 0.0833064
0 0.078388 0.506353 0.0352112 0.0250819
0 0.647373 0.200111 0.0195596 0.0538815
0 0.904988 0.882337 0.0368419 0.0546687
0 0.389347 0.455817 0.0253705 0.0203828
0 0.541644 0.283379 0.0205474 0.0435213
0 0.150933 0.421201 0.0257137 0.0473542
0 0.0247797 0.620378 0.0322939 0.0629151
0 0.505898 0.223799 0.0238646 0.0465596
0 0.506948 0.745849 0.0478028 0.100378
0 0.609398 0.611085 0.0240734 0.028733
0 0.419031 0.625979 0.0617595 0.0837888
0 0.434351 0.647394 0.093002 0.128515
0 0.431164 0.632875 0.0814829 0.0981666
0 0.499785 0.736487 0.0514636 0.125246
0 0.438849 0.655702 0.0699579 0.107875
0 0.839778 0.767739 0.0411699 0.075454
0 0.111216 0.46752 0.023997 0.0390936
0 0.500242 0.724317 0.0469912 0.0931857
0 0.106291 0.470915 0.0295685 0.0391589
