0 0.604989 0.605412 0.0385228 0.0475442
0 0.113464 0.759773 0.029746 0.0254202
0 0.185754 0.665823 0.036702 0.0570964
0 0.65471 0.480423 0.0377944 0.0595803
0 0.906492 0.88828 0.0381161 0.0574698
0 0.83595 0.761499 0.0482953 0.0834978
0 0.0787344 0.5076 0.0362064 0.0238167
0 0.644885 0.155944 0.0210223 0.050122
0 0.539655 0.467003 0.0290873 0.0878918
0 0.332883 0.233109 0.0211908 0.0382755
0 0.54113 0.28438 0.0220506 0.0506854
0 0.150361 0.423741 0.026073 0.0521461
0 0.0244989 0.617212 0.0302699 0.0602238
0 0.506163 0.225912 0.0240002 0.0427508
0 0.449138 0.662856 0.0896144 0.0939682
0 0.455383 0.675638 0.109643 0.116915
0 0.110001 0.465471 0.0245243 0.0424603
0 0.488194 0.730265 0.0927304 0.127578
0 0.20538 0.978071 0.0230509 0.0328912
0 0.489603 0.743355 0.078442 0.104255
