0 0.48701 0.715236 0.054404 0.0680399
0 0.191072 0.695048 0.0382227 0.0624156
0 0.131948 0.480056 0.0394322 0.0819837
0 0.656134 0.653989 0.0649641 0.0590365
0 0.38655 0.457223 0.025391 0.0239638
0 0.402227 0.391647 0.0288925 0.0340019
0 0.572851 0.519982 0.0607886 0.0918024
0 0.213036 0.848829 0.0573033 0.083666
0 0.594164 0.375116 0.0498515 0.0909229
0 0.743857 0.630645 0.0367334 0.0568845
0 0.822057 0.731122 0.0796671 0.131949
0 0.815307 0.721744 0.079458 0.107781
0 0.9303 0.909738 0.0240579 0.0314772
0 0.608412 0.436276 0.031683 0.068805
0 0.600866 0.417715 0.0428325 0.110959
0 0.124051 0.728195 0.0351417 0.0939159
0 0.808066 0.703443 0.0647078 0.0751491
0 0.829358 0.747673 0.0626018 0.0931718
0 0.196173 0.845842 0.0898885 0.0905993
