0 0.664092 0.664709 0.062162 0.0555272
0 0.192247 0.853508 0.0817652 0.0940858
0 0.604886 0.526732 0.104537 0.0699141
0 0.117626 0.508146 0.0238256 0.0438472
0 0.766385 0.673423 0.0981551 0.0691547
0 0.378054 0.46 0.0293082 0.0234244
0 0.590155 0.36727 0.0479033 0.0709975
0 0.368691 0.37978 0.0738346 0.0291798
0 0.121546 0.747332 0.0305544 0.082464
0 0.781585 0.745557 0.0887561 0.0340943
0 0.596479 0.383892 0.0417666 0.10672
0 0.603146 0.400985 0.0257047 0.0744025
0 0.472526 0.929426 0.0258908 0.0431924
0 0.589738 0.381115 0.0581691 0.116502
