0 0.190892 0.683953 0.0386727 0.0707417
0 0.836326 0.758853 0.0462533 0.0501063
0 0.213652 0.842836 0.060621 0.085108
0 0.67273 0.658987 0.0518103 0.0406063
0 0.58003 0.367815 0.0493741 0.0836848
0 0.803416 0.686775 0.057575 0.0608785
0 0.366074 0.539352 0.0421155 0.093488
0 0.570054 0.495548 0.0571609 0.0858659
0 0.746572 0.62424 0.0373127 0.064034
0 0.607402 0.440782 0.0348501 0.088086
0 0.0852291 0.596673 0.0248201 0.0632946
0 0.391329 0.44214 0.0279971 0.0246913
0 0.931019 0.901737 0.0245788 0.0327101
0 0.606933 0.460719 0.0506468 0.119431
0 0.128872 0.722032 0.0386714 0.0892429
0 0.362796 0.551314 0.0387948 0.0705366
0 0.752738 0.628757 0.0521343 0.0638642
