0 0.114684 0.764413 0.0327574 0.0299213
0 0.185564 0.665954 0.0357743 0.0519344
0 0.729423 0.583721 0.0606225 0.0765274
0 0.546543 0.476565 0.0380669 0.0810156
0 0.654095 0.479768 0.0374603 0.0649531
0 0.645704 0.17536 0.0234348 0.0772806
0 0.610323 0.60983 0.028409 0.0399563
0 0.833679 0.758365 0.0532815 0.0860544
0 0.905472 0.884727 0.0372198 0.0598845
0 0.435179 0.644493 0.0882717 0.109282
0 0.390742 0.452481 0.0281588 0.020124
0 0.151136 0.421091 0.0269825 0.0511575
0 0.540881 0.285903 0.0211008 0.0473953
0 0.0259581 0.623042 0.0349892 0.0724702
0 0.0952725 0.474921 0.0465701 0.0521916
0 0.505916 0.22623 0.0238904 0.0445164
0 0.0808854 0.505979 0.0370041 0.0219067
0 0.505165 0.741464 0.0576596 0.119746
0 0.839345 0.767074 0.0424062 0.0735877
0 0.0902547 0.48387 0.0506229 0.0592266
