0 0.479053 0.700257 0.0441346 0.0521059
0 0.191832 0.686316 0.0369622 0.0623481
0 0.833758 0.761442 0.0479158 0.0504723
0 0.21372 0.844157 0.0608619 0.0849943
0 0.803505 0.688489 0.0574574 0.0599583
0 0.67507 0.6635 0.0624397 0.0552715
0 0.583129 0.371003 0.029073 0.0874934
0 0.392839 0.444964 0.0279635 0.0198517
0 0.592869 0.525602 0.101772 0.136671
0 0.747995 0.628883 0.0353031 0.0621849
0 0.604457 0.436649 0.0404902 0.105727
0 0.931344 0.906134 0.0264282 0.0390992
0 0.609174 0.453368 0.0387735 0.111082
0 0.572971 0.505438 0.0585485 0.0876364
0 0.596681 0.554473 0.088496 0.0934469
0 0.128871 0.722995 0.0367493 0.091929
0 0.742987 0.632162 0.0351193 0.0732777
0 0.602758 0.48983 0.0702403 0.126995
