0 0.117588 0.765424 0.0335171 0.026134
0 0.549293 0.49223 0.0294013 0.0584286
0 0.656484 0.491739 0.0447818 0.0686903
0 0.186515 0.666571 0.0368868 0.0546644
0 0.735794 0.595102 0.067814 0.086412
0 0.331791 0.222099 0.0561846 0.105418
0 0.219871 0.915876 0.0382346 0.0943446
0 0.541208 0.283688 0.0205268 0.0511272
0 0.0911031 0.481002 0.0604592 0.0694361
0 0.904596 0.873781 0.0316328 0.0397046
0 0.15224 0.421008 0.0289366 0.0526712
0 0.0268068 0.631598 0.0346754 0.0907698
0 0.0866068 0.493414 0.0465839 0.048098
0 0.507212 0.225728 0.0215714 0.0398507
0 0.846123 0.776965 0.0303078 0.0540388
0 0.371357 0.728654 0.0267571 0.0169305
0 0.452684 0.660039 0.0892022 0.108334
0 0.223107 0.925559 0.0331611 0.0738287
0 0.4648 0.670865 0.108841 0.138031
0 0.484585 0.723074 0.095921 0.121075
0 0.30912 0.567975 0.0283708 0.0400231
0 0.338041 0.236407 0.0425239 0.0730776
0 0.492835 0.741558 0.075737 0.0912778
