0 0.667237 0.667499 0.0608834 0.0520736
0 0.377935 0.460888 0.0307084 0.0264149
0 0.191943 0.852771 0.0811707 0.0950339
0 0.0943353 0.563033 0.0508796 0.0917999
0 0.603544 0.525946 0.103712 0.0689832
0 0.769929 0.674899 0.0995641 0.0651877
0 0.121737 0.745533 0.0301954 0.0880342
0 0.592814 0.386353 0.0483915 0.112723
0 0.588995 0.371398 0.0433495 0.0791001
0 0.781781 0.745732 0.0929675 0.0352209
0 0.60043 0.398969 0.0306603 0.0815442
0 0.373664 0.378504 0.0635728 0.0277046
0 0.192848 0.860536 0.0724162 0.0734344
0 0.475055 0.939499 0.0221232 0.0342739
0 0.0724788 0.387051 0.0204146 0.0159366
