0 0.546812 0.489478 0.0319792 0.062724
0 0.223538 0.930436 0.0368679 0.086606
0 0.734387 0.589396 0.0674419 0.087579
0 0.54152 0.290325 0.0212474 0.0483824
0 0.318055 0.18103 0.0446846 0.09123
0 0.652842 0.477284 0.0382892 0.0591159
0 0.391923 0.453963 0.0255167 0.0186732
0 0.093097 0.48179 0.0612001 0.0740206
0 0.122893 0.768942 0.0323344 0.0269424
0 0.845989 0.775123 0.0347542 0.0687919
0 0.903515 0.872569 0.0307392 0.0356097
0 0.185724 0.663141 0.0337181 0.046291
0 0.503932 0.735034 0.0382284 0.0858691
0 0.801293 0.70904 0.0238844 0.0284894
0 0.421653 0.634979 0.0840099 0.124998
0 0.026646 0.632825 0.0347782 0.0912306
0 0.510918 0.749386 0.0340766 0.0824907
0 0.647124 0.207269 0.0210607 0.0439527
0 0.0203176 0.270113 0.0286048 0.0413637
0 0.903769 0.871986 0.0352712 0.0459929
0 0.367898 0.72542 0.0217737 0.0209169
0 0.349357 0.265925 0.0249099 0.0312586
0 0.430756 0.650657 0.0663646 0.101451
0 0.151776 0.413757 0.0275952 0.0422404
0 0.506267 0.229583 0.0231195 0.0363599
0 0.518068 0.990705 0.0219665 0.0185903
