0 0.605516 0.604827 0.0369091 0.0452044
0 0.653696 0.476949 0.0380324 0.0631322
0 0.112492 0.760686 0.0300092 0.026723
0 0.186544 0.667285 0.0379093 0.0565964
0 0.833379 0.755515 0.054722 0.0850512
0 0.907052 0.887763 0.0353681 0.0552118
0 0.644388 0.155286 0.0220358 0.0562646
0 0.542127 0.467253 0.0352921 0.084347
0 0.331901 0.230638 0.0190628 0.0317256
0 0.425744 0.645434 0.0402792 0.0585358
0 0.150455 0.422798 0.025548 0.0487049
0 0.492077 0.730007 0.0873134 0.129286
0 0.540538 0.282236 0.0260961 0.0451207
0 0.090766 0.484289 0.0613689 0.0753455
0 0.0868493 0.494522 0.0506551 0.0545696
0 0.0245192 0.619966 0.0338962 0.0713079
0 0.506529 0.224604 0.0227906 0.0456027
0 0.839234 0.766016 0.0440469 0.0705066
0 0.489354 0.74346 0.0764992 0.104935
