0 0.837286 0.756953 0.0447154 0.0497212
0 0.190924 0.681929 0.0396174 0.0682956
0 0.675611 0.659453 0.0579013 0.0498853
0 0.803225 0.685174 0.0544853 0.0574074
0 0.212989 0.84668 0.0605289 0.0841222
0 0.397877 0.449319 0.0273535 0.0223017
0 0.568257 0.495537 0.0465087 0.0836748
0 0.585715 0.373569 0.066934 0.106775
0 0.585482 0.357309 0.0649085 0.0757152
0 0.932965 0.898111 0.0261304 0.0319595
0 0.593321 0.388621 0.0829165 0.14489
0 0.124144 0.726772 0.0367787 0.0987413
0 0.744515 0.628022 0.0286635 0.0627365
0 0.186728 0.684917 0.048392 0.0868771
0 0.683998 0.657654 0.0770783 0.0633496
0 0.609204 0.461503 0.0745666 0.0969801
