0 0.415363 0.798394 0.0408897 0.0411189
0 0.201784 0.698472 0.0395734 0.0716338
0 0.636523 0.638923 0.0682576 0.0673168
0 0.509719 0.192316 0.0261832 0.066993
0 0.925716 0.90721 0.0295768 0.0475054
0 0.810108 0.715004 0.0500586 0.054415
0 0.557651 0.499994 0.0454502 0.07355
0 0.215636 0.858581 0.0454816 0.0740027
0 0.824685 0.758765 0.053695 0.0520017
0 0.121201 0.739559 0.0300985 0.0789076
0 0.486775 0.734016 0.0737864 0.0865376
0 0.582443 0.379473 0.0245892 0.0919507
0 0.815482 0.725555 0.0550375 0.0857123
0 0.623367 0.309349 0.0438628 0.0921524
0 0.582566 0.370551 0.0314213 0.0990651
0 0.568596 0.501699 0.067717 0.0788956
0 0.606833 0.313825 0.0772209 0.101734
0 0.823134 0.748744 0.0578372 0.0739011
0 0.632019 0.528988 0.0600687 0.0601414
0 0.611881 0.512884 0.0945547 0.0872489
0 0.612441 0.324089 0.0638406 0.132707
