0 0.113968 0.763366 0.0326293 0.0289384
0 0.185921 0.66618 0.036855 0.0544894
0 0.653542 0.479976 0.038879 0.0633587
0 0.390964 0.452737 0.0273679 0.0207852
0 0.61003 0.610745 0.0293612 0.0370171
0 0.547287 0.47958 0.0380725 0.0824115
0 0.72905 0.583664 0.0630677 0.081256
0 0.83612 0.759548 0.049044 0.0793822
0 0.646469 0.18698 0.0220695 0.0761927
0 0.905509 0.884476 0.0363338 0.0562676
0 0.150477 0.422856 0.0253403 0.0497197
0 0.539816 0.281892 0.0254111 0.0434192
0 0.0819618 0.502322 0.046214 0.0339556
0 0.0244796 0.620943 0.0333979 0.0689428
0 0.428387 0.650215 0.0767195 0.107878
0 0.511782 0.758978 0.0564144 0.11373
0 0.425542 0.635802 0.070655 0.0802228
0 0.513792 0.773768 0.0496142 0.0811661
0 0.506898 0.223394 0.0221333 0.0448698
0 0.549179 0.488494 0.034307 0.0607697
0 0.0930021 0.479885 0.0538419 0.0602709
0 0.0866986 0.493266 0.0529862 0.0610184
0 0.840383 0.766938 0.0408428 0.0689161
0 0.106547 0.473691 0.0332889 0.054262
0 0.496614 0.718224 0.043228 0.102381
