0 0.122363 0.753041 0.0352487 0.0819316
0 0.663145 0.664484 0.0588887 0.049737
0 0.602159 0.36973 0.0452656 0.0902511
0 0.192547 0.856678 0.0798177 0.100221
0 0.607421 0.523984 0.111134 0.073841
0 0.767758 0.673594 0.103116 0.0801277
0 0.779503 0.74422 0.0920174 0.0350831
0 0.377564 0.461366 0.0294405 0.022505
0 0.535251 0.0196958 0.0276589 0.0393915
0 0.593119 0.368999 0.0625026 0.0975758
0 0.199204 0.712383 0.0192527 0.034291
0 0.606553 0.359458 0.0372005 0.0723031
0 0.439944 0.832105 0.0294422 0.032979
