0 0.415107 0.799255 0.0420921 0.0394875
0 0.202292 0.698936 0.0364403 0.0698779
0 0.638923 0.641779 0.0689161 0.0703397
0 0.925402 0.905267 0.0328482 0.0524452
0 0.509678 0.19197 0.0288892 0.0754137
0 0.55994 0.500077 0.048605 0.0723195
0 0.8117 0.718261 0.0563734 0.0675702
0 0.217439 0.864791 0.0416519 0.0699608
0 0.484036 0.727489 0.0782171 0.101626
0 0.382832 0.462304 0.0257883 0.0232928
0 0.824827 0.754607 0.0590889 0.0673814
0 0.582694 0.379227 0.0226473 0.0859814
0 0.122064 0.736351 0.0311164 0.0827787
0 0.818624 0.735168 0.0623395 0.104559
0 0.582621 0.368795 0.0290504 0.0977643
0 0.623084 0.310465 0.0418563 0.0911992
0 0.570884 0.504156 0.0677769 0.0770468
0 0.207308 0.848197 0.03187 0.061336
0 0.637056 0.529596 0.063035 0.061505
0 0.608429 0.314676 0.0713329 0.100261
0 0.614035 0.320976 0.0579906 0.122971
0 0.49036 0.737405 0.0722328 0.0855715
0 0.626883 0.527303 0.0817502 0.074531
0 0.610452 0.513388 0.112126 0.0903027
