0 0.837649 0.758948 0.0436749 0.0467718
0 0.191474 0.681583 0.0385503 0.0667907
0 0.451191 0.818643 0.0320954 0.027529
0 0.676512 0.662638 0.0530455 0.0451199
0 0.803784 0.686829 0.0567489 0.0585961
0 0.215321 0.846395 0.0616371 0.0893853
0 0.57674 0.368811 0.0582826 0.0853218
0 0.572515 0.486285 0.0588561 0.0971876
0 0.574237 0.272909 0.0304575 0.0684305
0 0.932798 0.900231 0.0286832 0.0403426
0 0.609746 0.446961 0.0356452 0.087782
0 0.449693 0.649732 0.0338716 0.046456
0 0.395198 0.442598 0.0299946 0.0233535
0 0.745106 0.624576 0.0383555 0.0816357
0 0.607915 0.465801 0.0583093 0.118264
0 0.129334 0.721343 0.0360256 0.087363
