0 0.419136 0.806562 0.0446973 0.0430567
0 0.640757 0.642125 0.0631218 0.0632051
0 0.53915 0.851601 0.0457169 0.0703886
0 0.928329 0.906392 0.0340612 0.0515661
0 0.831275 0.768212 0.0575011 0.0539901
0 0.198803 0.693972 0.0373422 0.0735297
0 0.561267 0.498968 0.0451173 0.0739628
0 0.219457 0.864229 0.0439811 0.0643179
0 0.811345 0.706546 0.048671 0.0572329
0 0.509589 0.166736 0.0325241 0.0615819
0 0.488182 0.737082 0.0669271 0.0788472
0 0.120533 0.733888 0.0306738 0.0771954
0 0.582301 0.378497 0.0259576 0.0955878
0 0.0278715 0.490805 0.036791 0.103586
0 0.586838 0.367785 0.0389524 0.0961958
0 0.611737 0.341301 0.0450091 0.0894618
0 0.606349 0.358012 0.0527577 0.10831
0 0.38396 0.463098 0.0241598 0.0230817
0 0.146662 0.435617 0.0197589 0.0344769
