0 0.114825 0.762571 0.03498 0.0271205
0 0.6081 0.608712 0.0294492 0.0415299
0 0.54762 0.477508 0.0391172 0.0840307
0 0.836324 0.759588 0.0465323 0.0796969
0 0.654414 0.479323 0.0361614 0.0630627
0 0.184719 0.665217 0.0325671 0.0505621
0 0.64537 0.17282 0.024631 0.0844918
0 0.545846 0.891714 0.0425217 0.11089
0 0.080799 0.504796 0.0423422 0.0300593
0 0.39064 0.45384 0.0299097 0.0214479
0 0.540259 0.281013 0.0253558 0.0441924
0 0.0243416 0.614264 0.0314062 0.0618216
0 0.150406 0.419435 0.0249286 0.0471458
0 0.905311 0.883408 0.0349338 0.0558217
0 0.543271 0.880322 0.0362518 0.0848711
0 0.548828 0.903736 0.0291278 0.0881162
0 0.447367 0.656049 0.108886 0.119715
0 0.506421 0.224934 0.0233075 0.04343
0 0.437463 0.639919 0.0908071 0.0873594
0 0.0986829 0.475555 0.0449526 0.0551169
0 0.457626 0.66886 0.133495 0.141703
0 0.54925 0.487284 0.0356258 0.0644183
0 0.495302 0.747012 0.0694507 0.109126
0 0.108647 0.471751 0.0291521 0.0513325
0 0.087422 0.492175 0.0517751 0.066716
0 0.840081 0.767016 0.0400763 0.0722674
