0 0.837777 0.756248 0.0417354 0.0476649
0 0.190664 0.68269 0.0384676 0.0718787
0 0.714686 0.558385 0.080549 0.0725095
0 0.672774 0.659015 0.0555077 0.0466275
0 0.213522 0.846695 0.0577186 0.087635
0 0.397451 0.446754 0.0267686 0.0235723
0 0.802277 0.684726 0.0589097 0.0619473
0 0.588288 0.369796 0.0689054 0.102264
0 0.573692 0.495462 0.0603362 0.0774808
0 0.610665 0.473022 0.0720396 0.107768
0 0.932504 0.895751 0.0256888 0.0385418
0 0.598751 0.0533564 0.0258104 0.0437056
0 0.141988 0.435641 0.024659 0.040364
0 0.129718 0.721105 0.0407908 0.0937041
0 0.185249 0.686377 0.0502431 0.0929725
