0 0.431138 0.82223 0.0400996 0.0393181
0 0.796698 0.691331 0.0592904 0.0627363
0 0.653865 0.656778 0.0653203 0.0608835
0 0.200561 0.702781 0.0242798 0.0510029
0 0.20566 0.854454 0.0621062 0.106334
0 0.811957 0.75104 0.0555946 0.0423763
0 0.121329 0.745457 0.033423 0.0996954
0 0.522083 0.113218 0.0211456 0.037305
0 0.611069 0.362679 0.0389777 0.0951707
0 0.601595 0.522141 0.107111 0.074234
0 0.587688 0.362698 0.0444622 0.0872727
0 0.610013 0.370106 0.0308031 0.0836099
0 0.378446 0.461956 0.0283992 0.0211192
0 0.807339 0.74992 0.0578789 0.0560231
0 0.117887 0.733327 0.0277448 0.0795059
0 0.208736 0.864556 0.054399 0.0833101
