0 0.660166 0.662463 0.064153 0.0519425
0 0.120822 0.755704 0.0307712 0.0731537
0 0.191064 0.854041 0.0832111 0.100066
0 0.607749 0.524078 0.107647 0.0734265
0 0.602573 0.372874 0.0477785 0.0931491
0 0.766318 0.667638 0.104076 0.0836898
0 0.780781 0.745866 0.0907025 0.0326059
0 0.591976 0.373114 0.0482709 0.0894196
0 0.533087 0.0329013 0.0316585 0.0658026
0 0.376884 0.462025 0.0309596 0.0218776
0 0.594652 0.373951 0.0633614 0.101036
0 0.610779 0.356473 0.02896 0.0643977
0 0.771523 0.680538 0.091198 0.066047
