0 0.400986 0.391401 0.029369 0.0336936
0 0.191107 0.694443 0.0383979 0.0624316
0 0.662464 0.656878 0.0670621 0.060158
0 0.386574 0.456116 0.0259194 0.0250791
0 0.213962 0.847414 0.0571896 0.0849466
0 0.5734 0.520607 0.0644975 0.0985388
0 0.48214 0.701325 0.0608175 0.0999763
0 0.592674 0.375881 0.0491865 0.0941522
0 0.535725 0.902534 0.0282774 0.0743263
0 0.0947835 0.56392 0.0363692 0.0655017
0 0.745723 0.633927 0.0322483 0.0561829
0 0.484318 0.71025 0.0530751 0.0709851
0 0.9291 0.905815 0.0272125 0.0403512
0 0.821354 0.729436 0.0792903 0.130589
0 0.458472 0.661316 0.0251571 0.0750251
0 0.124438 0.728646 0.0352281 0.0921369
0 0.598924 0.415454 0.052052 0.12217
0 0.607818 0.434867 0.038269 0.078666
0 0.469287 0.684876 0.049956 0.125484
0 0.828943 0.747471 0.0605245 0.0907305
0 0.809753 0.703484 0.0690702 0.0771545
