0 0.485132 0.715656 0.0472365 0.0599382
0 0.190706 0.694427 0.0368813 0.0599666
0 0.661672 0.656078 0.0691893 0.060087
0 0.459171 0.635432 0.0231613 0.0420744
0 0.386764 0.457435 0.0258482 0.0257958
0 0.573586 0.52217 0.0627646 0.0967172
0 0.931896 0.909603 0.0301263 0.03421
0 0.211632 0.848792 0.06086 0.0842118
0 0.592936 0.374819 0.0493895 0.0927144
0 0.402443 0.391252 0.029117 0.0342556
0 0.0941598 0.567803 0.0405238 0.0696914
0 0.745308 0.630856 0.0362411 0.0605068
0 0.821669 0.729945 0.0766913 0.13005
0 0.812468 0.719193 0.0747721 0.1022
0 0.607148 0.436181 0.0369896 0.0717485
0 0.599882 0.417675 0.049475 0.115355
0 0.829171 0.747876 0.0587825 0.0878711
0 0.807593 0.702718 0.0645008 0.0721359
0 0.194994 0.846335 0.096216 0.0949072
0 0.129073 0.727205 0.0370067 0.0928357
0 0.740155 0.633982 0.0330191 0.0625248
