0 0.589078 0.537312 0.0367074 0.0384033
0 0.0491827 0.141366 0.0622092 0.0500545
0 0.573649 0.46034 0.0345511 0.0447355
0 0.876918 0.777712 0.0439196 0.0504742
0 0.178522 0.621377 0.034853 0.0486453
0 0.674173 0.462354 0.0460784 0.0797457
0 0.484094 0.6527 0.0583115 0.0706608
0 0.420103 0.558869 0.0324574 0.0524502
0 0.137013 0.469931 0.0235271 0.040204
0 0.931181 0.871143 0.0561355 0.0623944
0 0.289015 0.240713 0.0281641 0.0900702
0 0.58725 0.903362 0.0413885 0.0612667
0 0.772774 0.607972 0.101437 0.117426
0 0.552044 0.119351 0.0177631 0.0379012
0 0.763817 0.5949 0.0955873 0.108005
0 0.592912 0.905749 0.0372703 0.0667648
0 0.403411 0.42538 0.0284497 0.0263869
0 0.288284 0.227619 0.0274045 0.0625571
0 0.0373033 0.60654 0.020882 0.0512345
0 0.538792 0.848099 0.0217288 0.0670872
0 0.758122 0.577645 0.0775995 0.0705938
