0 0.114639 0.763703 0.0339063 0.0300808
0 0.546537 0.481908 0.0363986 0.0760218
0 0.654254 0.479621 0.0388983 0.0625337
0 0.732894 0.590283 0.0623324 0.0853819
0 0.647755 0.202945 0.0218742 0.0592788
0 0.186445 0.66603 0.0347331 0.0531011
0 0.83597 0.759044 0.0486076 0.0815341
0 0.390008 0.456091 0.0275928 0.0207213
0 0.905181 0.882881 0.0374341 0.0574427
0 0.150685 0.421786 0.0250868 0.0480435
0 0.54167 0.28274 0.0203769 0.0433862
0 0.6118 0.613037 0.0306337 0.0338037
0 0.0799607 0.503554 0.0420172 0.0272996
0 0.504251 0.736914 0.0505213 0.113689
0 0.505001 0.225951 0.0258704 0.0427393
0 0.025085 0.61928 0.0327125 0.064522
0 0.433537 0.646608 0.100552 0.130093
0 0.425515 0.62967 0.0763457 0.0908353
0 0.0944048 0.477718 0.0492821 0.0510387
0 0.0868732 0.490559 0.0504142 0.0543039
0 0.839897 0.766888 0.041778 0.0715959
0 0.50044 0.72537 0.0483327 0.0921836
0 0.444965 0.661057 0.0674109 0.108163
