0 0.58905 0.53907 0.0327805 0.0353065
0 0.877909 0.775931 0.0418458 0.039557
0 0.050494 0.145994 0.0688498 0.0565759
0 0.571868 0.461795 0.0365913 0.0462794
0 0.586125 0.89894 0.0360119 0.0484865
0 0.930578 0.872308 0.0539138 0.0642281
0 0.481477 0.653734 0.0609781 0.0733817
0 0.177846 0.624468 0.0314173 0.0494375
0 0.137314 0.468429 0.0233752 0.0429691
0 0.675402 0.463394 0.0464315 0.10158
0 0.537096 0.822924 0.0271987 0.0833201
0 0.552459 0.132925 0.0179442 0.0440283
0 0.769971 0.606906 0.0998385 0.115329
0 0.285054 0.21113 0.0279819 0.0762576
0 0.670919 0.449652 0.0353236 0.0781957
0 0.403574 0.533623 0.0294271 0.0328205
0 0.119814 0.726419 0.0253571 0.0212563
0 0.682767 0.490089 0.0425143 0.0786605
0 0.0366427 0.603178 0.0225681 0.0490491
