0 0.654093 0.478966 0.0374846 0.0621415
0 0.608665 0.608762 0.0289187 0.0400758
0 0.112745 0.761675 0.0279088 0.0261564
0 0.184878 0.664885 0.0334907 0.0500686
0 0.836948 0.759903 0.0459675 0.077394
0 0.546827 0.476907 0.0357525 0.0799153
0 0.645463 0.17176 0.022457 0.0803111
0 0.907286 0.887738 0.0355183 0.0579858
0 0.0782711 0.509307 0.0352641 0.0225012
0 0.541642 0.283145 0.0220828 0.049522
0 0.150722 0.422597 0.0265142 0.0528328
0 0.0231023 0.620034 0.0316893 0.0636053
0 0.440558 0.654773 0.0891629 0.114252
0 0.541937 0.884167 0.0412837 0.119115
0 0.506198 0.2256 0.0238289 0.0435033
0 0.101486 0.474741 0.0292898 0.0373219
0 0.534692 0.864831 0.0425575 0.120416
0 0.429509 0.637702 0.0685438 0.0738007
0 0.508083 0.750323 0.0454581 0.10154
0 0.643509 0.180083 0.0209056 0.0724697
0 0.545943 0.900984 0.0281656 0.0815625
0 0.495621 0.733116 0.0448478 0.122322
0 0.529151 0.842638 0.0338786 0.0967658
