0 0.588625 0.541136 0.0371821 0.0374401
0 0.87935 0.778885 0.0429387 0.0376573
0 0.574773 0.46296 0.0329299 0.0362951
0 0.136138 0.472224 0.0247504 0.0419707
0 0.581256 0.88816 0.0415704 0.0622543
0 0.479705 0.654664 0.057061 0.069671
0 0.0835624 0.236189 0.0236865 0.0802022
0 0.178289 0.627696 0.035164 0.0550041
0 0.937211 0.877212 0.0436234 0.0643408
0 0.276263 0.117641 0.0282955 0.0666702
0 0.146043 0.387968 0.0217668 0.0494199
0 0.677974 0.460419 0.0478913 0.0839486
0 0.554206 0.136935 0.0191733 0.0470446
0 0.533439 0.802075 0.0357755 0.0901473
0 0.769011 0.607235 0.104332 0.11651
0 0.760542 0.596488 0.0954165 0.101237
0 0.275895 0.121242 0.0336497 0.0821113
0 0.117227 0.726959 0.0222444 0.0183113
0 0.825934 0.692604 0.0297725 0.0248275
0 0.670735 0.450015 0.0360559 0.0719488
0 0.0371559 0.604364 0.0210759 0.0466208
0 0.420679 0.581398 0.0205525 0.0201566
0 0.403258 0.43083 0.0280179 0.0233698
