0 0.485489 0.712022 0.0515112 0.0679632
0 0.19136 0.693407 0.0403485 0.0658789
0 0.0997145 0.552542 0.040345 0.0729086
0 0.401445 0.39099 0.0280685 0.0336086
0 0.660862 0.655797 0.0721899 0.0637805
0 0.3867 0.458011 0.0259435 0.0244717
0 0.574051 0.521987 0.0637336 0.0964262
0 0.212911 0.847374 0.0584714 0.0850115
0 0.929244 0.905502 0.028372 0.0416441
0 0.592792 0.375638 0.0497541 0.0950962
0 0.820877 0.726751 0.0824529 0.122274
0 0.745095 0.630126 0.0354118 0.0597615
0 0.597481 0.411606 0.0500894 0.118808
0 0.606968 0.433316 0.0344789 0.0760616
0 0.197448 0.843611 0.0817188 0.0902965
0 0.129481 0.729762 0.0392037 0.095592
0 0.811345 0.706661 0.0707126 0.0772827
