0 0.836811 0.760997 0.0471832 0.0543797
0 0.192316 0.684212 0.0349951 0.0576296
0 0.214198 0.843705 0.0607181 0.0839188
0 0.672697 0.661513 0.0530157 0.0492694
0 0.618043 0.0839763 0.0234433 0.0622388
0 0.802796 0.686987 0.0582868 0.0623083
0 0.582291 0.367143 0.0239068 0.0844821
0 0.390776 0.44443 0.0297267 0.0244517
0 0.571024 0.488896 0.0557528 0.0811311
0 0.474269 0.900645 0.024833 0.0687602
0 0.741754 0.623434 0.0313808 0.0665405
0 0.616009 0.576345 0.03654 0.0401015
0 0.934004 0.906657 0.0300922 0.0358471
0 0.60589 0.443914 0.0328798 0.0885231
0 0.379553 0.500234 0.0256991 0.0554187
0 0.606281 0.463317 0.048821 0.119415
0 0.128832 0.721666 0.0360295 0.0906117
