0 0.730883 0.586864 0.0582795 0.0763535
0 0.114008 0.763343 0.0316671 0.0278867
0 0.546839 0.482269 0.0365839 0.0759535
0 0.654531 0.481772 0.0380194 0.0606756
0 0.185541 0.665161 0.0350791 0.0544739
0 0.837377 0.759285 0.0452958 0.0810471
0 0.904586 0.882752 0.0371689 0.0561378
0 0.15012 0.421771 0.0262803 0.046972
0 0.64623 0.193948 0.021917 0.0662565
0 0.541451 0.28417 0.0209416 0.0464506
0 0.389917 0.456286 0.024898 0.0194749
0 0.0936423 0.47871 0.050003 0.054844
0 0.406988 0.607648 0.0366766 0.0487342
0 0.611175 0.612146 0.0245347 0.0308249
0 0.0243074 0.619445 0.0307681 0.0606256
0 0.0802254 0.503688 0.0427702 0.0278831
0 0.50663 0.745003 0.0457499 0.0984144
0 0.505789 0.224258 0.0239527 0.0432236
0 0.502069 0.73681 0.047671 0.120269
0 0.448421 0.669792 0.0537132 0.088401
0 0.494539 0.731593 0.0530497 0.126878
0 0.0882301 0.486666 0.0567106 0.0647744
0 0.442773 0.661097 0.0605072 0.0983651
0 0.494042 0.709023 0.0472919 0.111103
