0 0.606154 0.605744 0.0346531 0.0433962
0 0.18637 0.666916 0.0381119 0.0562565
0 0.654149 0.478837 0.0372455 0.0604978
0 0.112862 0.76092 0.0319607 0.0263193
0 0.837393 0.761682 0.0458643 0.0799749
0 0.417364 0.630309 0.0420521 0.0624218
0 0.904963 0.884261 0.0386882 0.0588317
0 0.645516 0.157277 0.0210407 0.0451961
0 0.542419 0.468941 0.0343297 0.0789531
0 0.0827563 0.503112 0.0415395 0.0331561
0 0.151031 0.423923 0.0273055 0.0511388
0 0.541238 0.283181 0.0205774 0.0433784
0 0.502346 0.74361 0.067713 0.12898
0 0.0242937 0.614406 0.0291956 0.0550127
0 0.0942298 0.477762 0.0563928 0.0684255
0 0.506371 0.226636 0.0229833 0.0410952
0 0.497129 0.731561 0.0551072 0.101202
0 0.335187 0.238204 0.020382 0.0345199
0 0.0901962 0.487663 0.0533884 0.0755392
0 0.103357 0.473924 0.0412202 0.0649889
0 0.504775 0.769408 0.0585607 0.0905077
