0 0.194953 0.684143 0.0453301 0.0686531
0 0.917804 0.893886 0.0411787 0.0635931
0 0.675952 0.526327 0.0462643 0.0654101
0 0.551114 0.488627 0.0420858 0.0682178
0 0.389822 0.393216 0.0413245 0.0900917
0 0.110145 0.759836 0.0248688 0.0238736
0 0.820869 0.71694 0.054754 0.0646057
0 0.583113 0.398279 0.0217371 0.0761045
0 0.622437 0.6222 0.0338511 0.0402442
0 0.836758 0.773557 0.0416832 0.0399247
0 0.148358 0.431509 0.0219193 0.0442495
0 0.507453 0.21688 0.0231955 0.0512274
0 0.467451 0.660943 0.0482445 0.0830594
0 0.389337 0.756374 0.0339296 0.0213068
0 0.742658 0.60713 0.0394759 0.0499208
0 0.635752 0.269325 0.0194669 0.0453686
0 0.485113 0.729729 0.0896343 0.113488
0 0.469312 0.678721 0.0656821 0.125859
0 0.389011 0.460037 0.0227518 0.0275166
0 0.0720898 0.507701 0.0237825 0.0193841
0 0.492484 0.740266 0.0785123 0.0848541
0 0.48133 0.711605 0.0924937 0.145753
