0 0.418664 0.805654 0.0398397 0.0389733
0 0.640542 0.641613 0.062115 0.0619828
0 0.928805 0.907376 0.0340245 0.0504355
0 0.19894 0.695229 0.0374708 0.0746373
0 0.830366 0.767894 0.0595782 0.0562623
0 0.561364 0.500085 0.0458736 0.072582
0 0.221339 0.86728 0.0415352 0.063333
0 0.491115 0.736902 0.0737958 0.0828304
0 0.511459 0.179216 0.0299622 0.0697585
0 0.0269826 0.417856 0.0420246 0.0897048
0 0.812906 0.708139 0.0458682 0.0547049
0 0.121009 0.735593 0.0293544 0.0817087
0 0.581743 0.377952 0.02435 0.0957261
0 0.5841 0.366894 0.0361803 0.0962104
0 0.612905 0.340603 0.0501573 0.0991237
0 0.617722 0.326798 0.0366136 0.0713641
0 0.384052 0.462788 0.0268269 0.0222609
0 0.607841 0.353279 0.0598152 0.114484
0 0.582636 0.39701 0.0205262 0.05933
