0 0.605781 0.605039 0.0394118 0.0464473
0 0.113161 0.76067 0.0305673 0.0269756
0 0.185949 0.666059 0.0359615 0.0540322
0 0.834857 0.75759 0.0485126 0.0805092
0 0.654197 0.479509 0.0378151 0.0607132
0 0.904546 0.884434 0.0378022 0.056932
0 0.644286 0.153673 0.0221782 0.0586966
0 0.0805453 0.506678 0.0374095 0.0278511
0 0.540186 0.467844 0.0306408 0.0871012
0 0.150778 0.423612 0.0260544 0.047501
0 0.0241551 0.614649 0.0338263 0.068356
0 0.333035 0.231524 0.0197597 0.0375426
0 0.541247 0.283521 0.0201063 0.0408907
0 0.505172 0.226879 0.0255191 0.0435786
0 0.449261 0.66394 0.0885295 0.089856
0 0.456464 0.682939 0.110058 0.128948
0 0.101693 0.471866 0.0414327 0.0484999
0 0.487487 0.727866 0.0914385 0.123752
0 0.107377 0.470553 0.0320006 0.0521379
