0 0.115525 0.764078 0.035352 0.0299606
0 0.185737 0.667524 0.0344861 0.0528965
0 0.653831 0.479026 0.0375421 0.0616877
0 0.546954 0.479516 0.0395188 0.0809773
0 0.727532 0.580908 0.0641459 0.0802107
0 0.646595 0.185526 0.0215044 0.0734808
0 0.39072 0.453413 0.0264872 0.0214152
0 0.904198 0.881175 0.0363698 0.0526114
0 0.609047 0.609731 0.0258303 0.0351442
0 0.830361 0.75576 0.0592937 0.0947276
0 0.0780721 0.506958 0.0356336 0.0220392
0 0.150616 0.42272 0.0259887 0.047749
0 0.541775 0.283514 0.0200911 0.0386485
0 0.434371 0.648183 0.0871044 0.103442
0 0.509689 0.754755 0.0510325 0.10703
0 0.0238116 0.615117 0.0276431 0.0531027
0 0.54057 0.282353 0.0273454 0.0420392
0 0.50534 0.222812 0.0240849 0.048086
0 0.512296 0.770609 0.0450706 0.0721585
0 0.547951 0.488013 0.0365829 0.0607474
0 0.107366 0.468847 0.0283501 0.0436625
0 0.839275 0.767966 0.0414505 0.0720068
0 0.501431 0.74296 0.0533141 0.134111
