0 0.58608 0.539796 0.0379605 0.0402784
0 0.880478 0.777446 0.0490234 0.0388985
0 0.177657 0.628326 0.0343962 0.0457351
0 0.134879 0.478461 0.0237033 0.0429872
0 0.586293 0.90121 0.0372113 0.0639708
0 0.674898 0.464178 0.0454721 0.0893072
0 0.939135 0.880285 0.0391884 0.0588815
0 0.576328 0.467054 0.0327013 0.0345541
0 0.14948 0.385662 0.0265681 0.0545545
0 0.47812 0.649215 0.0642263 0.0835886
0 0.52442 0.770941 0.0331271 0.0873551
0 0.553011 0.140233 0.0178115 0.0439383
0 0.572914 0.810378 0.0303531 0.0405746
0 0.0644764 0.488214 0.0391331 0.0777235
0 0.773535 0.609386 0.108279 0.120631
0 0.117378 0.729561 0.0257559 0.0149682
0 0.826874 0.699365 0.0243367 0.0216892
