0 0.295166 0.142818 0.0597655 0.0358659
0 0.340299 0.677487 0.107407 0.0542524
0 0.796523 0.773204 0.0855896 0.0376008
0 0.679249 0.794215 0.0695789 0.0146986
0 0.626399 0.89799 0.0906652 0.0393051
0 0.657837 0.854963 0.0831841 0.0251653
0 0.679934 0.822718 0.0603623 0.0237648
0 0.639661 0.863796 0.0853305 0.0241134
0 0.647215 0.860208 0.108413 0.0263084
0 0.323057 0.680835 0.143661 0.0704396
0 0.556904 0.793031 0.0516937 0.0311496
0 0.56638 0.818485 0.0447352 0.0277781
0 0.529765 0.829519 0.0324979 0.0198317
0 0.672579 0.8273 0.077356 0.0340164
