0 0.9203 0.182601 0.0528464 0.05155
0 0.557919 0.583614 0.0448959 0.0269623
0 0.29679 0.158667 0.0581075 0.0380719
0 0.604254 0.891613 0.0538245 0.0269916
0 0.604194 0.861277 0.0563078 0.0398083
0 0.533819 0.885304 0.0560277 0.0318859
0 0.701255 0.843667 0.0365043 0.0412345
0 0.927727 0.787156 0.047554 0.0528283
0 0.520012 0.863907 0.041517 0.0264089
0 0.914427 0.795327 0.0740058 0.0702991
0 0.907314 0.80721 0.0764879 0.0525146
0 0.588595 0.859231 0.0821868 0.0422337
0 0.543886 0.863909 0.0801308 0.0451727
