0 0.165062 0.340737 0.055002 0.040278
0 0.446985 0.608004 0.0996908 0.0455813
0 0.754536 0.533119 0.0524075 0.0379269
0 0.574696 0.603538 0.188061 0.0672641
0 0.0593623 0.4645 0.0657036 0.0268005
0 0.834648 0.802481 0.0662724 0.0302502
0 0.869929 0.81068 0.0666472 0.0352218
0 0.59656 0.605314 0.134418 0.066463
0 0.361402 0.367278 0.161012 0.110793
0 0.851842 0.809583 0.105093 0.0388603
0 0.385311 0.663001 0.0388281 0.028771
0 0.361174 0.390266 0.182059 0.114569
0 0.824336 0.801188 0.0717237 0.0308363
0 0.374224 0.348846 0.0884864 0.0789852
0 0.379669 0.355979 0.121528 0.0996351
0 0.282288 0.400063 0.0821519 0.0930238
