0 0.617584 0.574529 0.0907625 0.0434914
0 0.912276 0.418476 0.058778 0.067136
0 0.125585 0.520644 0.0612811 0.0356841
0 0.73127 0.532962 0.0628951 0.0601411
0 0.702322 0.220901 0.0499986 0.0784571
0 0.856744 0.485367 0.0388488 0.0343909
0 0.388944 0.607065 0.0501369 0.0296733
0 0.195665 0.330456 0.0888345 0.0509781
0 0.0716675 0.436551 0.0725501 0.0352298
0 0.515204 0.326899 0.2005 0.119371
0 0.285339 0.43248 0.0328197 0.0236982
0 0.129731 0.366169 0.0590602 0.0356218
0 0.589012 0.308098 0.170215 0.0843625
0 0.142777 0.360994 0.0936043 0.0477836
0 0.392506 0.396778 0.0574008 0.0263923
0 0.9021 0.421132 0.0775528 0.069627
0 0.351391 0.360887 0.0300094 0.0374483
0 0.560196 0.292408 0.0828265 0.0767292
0 0.182017 0.337515 0.12242 0.0722004
0 0.558701 0.283196 0.0703924 0.0569839
