0 0.69992 0.179225 0.0701131 0.0385365
0 0.355922 0.60427 0.0371135 0.0746808
0 0.271569 0.406655 0.0362009 0.0513719
0 0.668012 0.308867 0.0566082 0.0526048
0 0.826428 0.42981 0.0441189 0.0282583
0 0.514271 0.281167 0.071548 0.0372044
0 0.0350659 0.402407 0.0701318 0.0339057
0 0.429145 0.361406 0.113987 0.0857127
0 0.330866 0.388936 0.0415245 0.0486761
0 0.920342 0.937836 0.0703721 0.0387447
0 0.519823 0.394403 0.0645802 0.0183706
0 0.65519 0.308304 0.0757968 0.0497377
0 0.618069 0.226428 0.0276085 0.0376866
0 0.704363 0.507772 0.176597 0.115353
0 0.483598 0.602456 0.128966 0.0627122
0 0.475629 0.609589 0.120065 0.0407486
0 0.511037 0.287593 0.0809276 0.0499533
0 0.690304 0.518604 0.217896 0.141047
0 0.447723 0.347652 0.165294 0.0801309
0 0.718858 0.497438 0.120249 0.088981
0 0.599783 0.546839 0.232723 0.099273
0 0.489155 0.592442 0.159719 0.0897382
0 0.45911 0.358866 0.159778 0.0931251
