0 0.87859 0.392265 0.0588684 0.042971
0 0.36713 0.648836 0.0401768 0.0256214
0 0.629929 0.549481 0.100845 0.0407445
0 0.364824 0.412929 0.0838961 0.0380704
0 0.710127 0.200243 0.0310447 0.0342957
0 0.885402 0.435058 0.0619559 0.0424789
0 0.0561074 0.401713 0.104097 0.0374225
0 0.554077 0.295839 0.178552 0.0878989
0 0.697247 0.30483 0.0762322 0.0601422
0 0.444551 0.254178 0.0560337 0.0332122
0 0.679149 0.267077 0.0568111 0.0465112
0 0.619487 0.193919 0.0679071 0.0373681
0 0.693336 0.299533 0.0804465 0.0786771
0 0.0148452 0.454673 0.0296904 0.0304836
0 0.0707337 0.497844 0.0362317 0.0362411
0 0.0551371 0.407001 0.110274 0.0514692
0 0.464086 0.331295 0.101759 0.0824987
0 0.0448275 0.4116 0.0896551 0.0389043
0 0.513154 0.321987 0.231306 0.116938
0 0.571454 0.299728 0.132743 0.0827254
0 0.35492 0.337818 0.0235648 0.0266596
0 0.341881 0.360173 0.0338596 0.0354046
0 0.681079 0.284083 0.0625068 0.0818266
0 0.349294 0.357055 0.0350572 0.0347154
