0 0.547621 0.590516 0.139093 0.0478134
0 0.264585 0.412559 0.0374707 0.0481921
0 0.258873 0.28913 0.0942817 0.0466983
0 0.863674 0.470772 0.071183 0.0340361
0 0.0856717 0.442475 0.0799571 0.0269917
0 0.455758 0.35819 0.194674 0.110527
0 0.183147 0.34262 0.0506772 0.0321469
0 0.574122 0.258837 0.185145 0.0653485
0 0.56866 0.264898 0.199203 0.0881332
0 0.333104 0.382426 0.0511136 0.060353
0 0.604799 0.265487 0.182291 0.0816044
0 0.656282 0.279796 0.0833533 0.0672095
0 0.56 0.273243 0.128731 0.0758478
0 0.429379 0.362421 0.157419 0.137644
