0 0.460639 0.641435 0.0627341 0.0288821
0 0.598821 0.592481 0.10155 0.0477045
0 0.834565 0.489041 0.0628388 0.0399028
0 0.702465 0.485019 0.109664 0.0902017
0 0.681491 0.220279 0.0376158 0.0542145
0 0.262996 0.413914 0.0416431 0.0453658
0 0.4305 0.35483 0.140979 0.0917332
0 0.564367 0.3367 0.0827112 0.0413384
0 0.609553 0.255707 0.0815001 0.034955
0 0.32535 0.388274 0.0412143 0.0485089
0 0.833576 0.449169 0.0421386 0.0211293
0 0.105367 0.382701 0.0676801 0.0251803
0 0.0967112 0.412668 0.0705632 0.0265518
0 0.885303 0.79933 0.0301623 0.0233042
0 0.148671 0.352237 0.032881 0.0213699
0 0.102813 0.387583 0.071647 0.0280154
