0 0.209791 0.308301 0.0570937 0.0371098
0 0.77576 0.427432 0.0558279 0.0475078
0 0.699345 0.550374 0.0820367 0.0330496
0 0.424217 0.38994 0.0780524 0.0312313
0 0.257257 0.455513 0.20742 0.109066
0 0.639679 0.208995 0.0966319 0.111902
0 0.820134 0.479181 0.0366149 0.0253788
0 0.533814 0.246145 0.0694422 0.0368026
0 0.270409 0.446672 0.161542 0.0904778
0 0.357873 0.361124 0.0644114 0.0916826
0 0.421115 0.378617 0.0908788 0.0539076
0 0.545152 0.292744 0.105007 0.0439678
0 0.570058 0.277256 0.14037 0.0676967
0 0.537323 0.299043 0.0955651 0.0348458
0 0.35988 0.344613 0.037114 0.0813364
0 0.253472 0.465538 0.176663 0.0900115
