0 0.518395 0.594365 0.168039 0.0723019
0 0.267733 0.415952 0.0451542 0.0526111
0 0.490788 0.294314 0.0710955 0.0287575
0 0.445073 0.239418 0.0599501 0.043729
0 0.735987 0.492561 0.0637527 0.0340809
0 0.777749 0.49325 0.0787048 0.0511644
0 0.438571 0.347143 0.106599 0.0688218
0 0.344268 0.37682 0.0566185 0.111822
0 0.558004 0.332145 0.039319 0.0351402
0 0.537131 0.59442 0.123607 0.0640912
0 0.418843 0.35313 0.12241 0.0770369
0 0.410041 0.36239 0.16575 0.102616
0 0.760155 0.49255 0.112851 0.0490191
0 0.436924 0.342016 0.145726 0.0838051
0 0.34228 0.360079 0.0520964 0.081454
0 0.35647 0.372534 0.0787057 0.116723
