0 0.0864616 0.384551 0.0608968 0.0329402
0 0.551048 0.548451 0.0750551 0.0181894
0 0.825963 0.478412 0.0539091 0.0171772
0 0.353014 0.38973 0.0954213 0.101323
0 0.0136598 0.457562 0.0273195 0.0270619
0 0.530989 0.615732 0.0546098 0.0180786
0 0.681382 0.244119 0.12141 0.0976966
0 0.858803 0.454721 0.0331225 0.02317
0 0.454255 0.318314 0.108148 0.0627222
0 0.490676 0.294048 0.179826 0.090691
0 0.286952 0.428132 0.0540472 0.033312
0 0.352867 0.385177 0.0709109 0.0933597
0 0.526932 0.287361 0.0976286 0.069599
0 0.673149 0.252362 0.101201 0.0771979
0 0.699286 0.239966 0.0882292 0.0888937
0 0.289085 0.424748 0.0665219 0.0368829
0 0.339184 0.395874 0.126924 0.0921273
0 0.360022 0.401157 0.0796301 0.0704803
