0 0.695489 0.25357 0.0769308 0.0661043
0 0.485432 0.54337 0.0552968 0.0228183
0 0.772165 0.435972 0.0445507 0.0315286
0 0.323548 0.268585 0.0376775 0.0270786
0 0.0815421 0.461125 0.0635435 0.030646
0 0.274633 0.402335 0.0373863 0.0558678
0 0.78496 0.485071 0.0651069 0.0360973
0 0.426949 0.352922 0.137852 0.105429
0 0.480235 0.2767 0.065081 0.0305026
0 0.57205 0.291697 0.0302691 0.0336189
0 0.326847 0.392005 0.0416852 0.0606713
0 0.488295 0.313863 0.08759 0.0853043
0 0.502417 0.276388 0.0419891 0.0380862
0 0.495421 0.3169 0.0609185 0.0689046
0 0.473705 0.274903 0.0570042 0.0262547
0 0.813488 0.488458 0.0523336 0.0282632
0 0.0488682 0.491305 0.0977365 0.0294735
0 0.258521 0.442124 0.0364313 0.0447537
0 0.30741 0.619848 0.0358981 0.0231007
0 0.042415 0.493811 0.0848301 0.0230006
0 0.446148 0.340577 0.15564 0.0969157
