0 0.401134 0.57375 0.0858911 0.0580578
0 0.694422 0.184168 0.0780661 0.0495764
0 0.285833 0.428933 0.0571476 0.0309387
0 0.455355 0.322831 0.111378 0.0579811
0 0.506597 0.619199 0.0672365 0.0219426
0 0.338598 0.388521 0.0571823 0.103452
0 0.343963 0.382149 0.0494349 0.0835948
0 0.52253 0.289381 0.0250022 0.0396332
0 0.448096 0.647724 0.0316024 0.0332444
0 0.654327 0.218205 0.0791674 0.0550139
0 0.0962456 0.38348 0.0318094 0.0193942
0 0.597634 0.590466 0.0777059 0.0298843
0 0.667101 0.227956 0.0581076 0.0410058
0 0.345421 0.394404 0.0422487 0.0906742
0 0.685478 0.193576 0.0977871 0.0698528
