0 0.653063 0.549212 0.108441 0.029646
0 0.651639 0.186322 0.0582221 0.0433564
0 0.629544 0.245752 0.0874609 0.0571156
0 0.451163 0.265358 0.112273 0.0268805
0 0.451432 0.328148 0.061886 0.02293
0 0.592094 0.346372 0.108839 0.0735679
0 0.0276776 0.452147 0.0553552 0.0324569
0 0.606289 0.343595 0.0837458 0.0678958
0 0.288149 0.417481 0.093277 0.0982833
0 0.411155 0.389805 0.139007 0.0568814
0 0.529649 0.361668 0.0540464 0.0239446
0 0.552352 0.330159 0.065203 0.0381947
0 0.414875 0.367704 0.148633 0.098883
0 0.394295 0.359127 0.110702 0.0861592
0 0.392728 0.394456 0.163152 0.102935
0 0.357148 0.346209 0.0339793 0.0607896
0 0.300864 0.418757 0.13425 0.116404
0 0.562059 0.351685 0.125338 0.0517138
