0 0.549837 0.5811 0.0615182 0.0284227
0 0.521472 0.6315 0.105575 0.0442023
0 0.676227 0.226249 0.0531199 0.0707836
0 0.663123 0.565237 0.100436 0.0467718
0 0.806803 0.447122 0.0404367 0.0236318
0 0.410592 0.599945 0.0688751 0.0229945
0 0.713264 0.499086 0.0967512 0.0348004
0 0.296572 0.41229 0.0952682 0.0843379
0 0.38464 0.34264 0.0405198 0.082978
0 0.619805 0.287504 0.0400314 0.0220448
0 0.391571 0.348621 0.0585707 0.105599
0 0.557238 0.358061 0.0289682 0.0590338
0 0.172399 0.347618 0.041949 0.0263908
0 0.540268 0.58228 0.0832424 0.0299879
0 0.295721 0.424823 0.0825832 0.064367
