0 0.615695 0.256515 0.0776904 0.0366907
0 0.251461 0.42664 0.0452199 0.044462
0 0.776401 0.511145 0.0568449 0.0563438
0 0.612155 0.364791 0.0350456 0.0294076
0 0.0228949 0.414714 0.0457897 0.0205612
0 0.307237 0.390918 0.0431623 0.0535825
0 0.629411 0.574491 0.229402 0.102799
0 0.434557 0.331164 0.205863 0.104642
0 0.0158329 0.44771 0.0316658 0.0294362
0 0.474831 0.326345 0.113239 0.0873448
0 0.404547 0.346222 0.121471 0.0853142
0 0.613796 0.583867 0.17863 0.0690558
0 0.643845 0.56224 0.179691 0.0750215
0 0.0247225 0.416963 0.049445 0.0201164
0 0.451997 0.326558 0.158967 0.0935173
0 0.241176 0.486423 0.030334 0.0283711
