0 0.199804 0.330872 0.0689894 0.0429367
0 0.688854 0.218874 0.121129 0.100396
0 0.140343 0.493863 0.0643548 0.0298203
0 0.836569 0.406048 0.0635166 0.0700325
0 0.50985 0.547926 0.0850071 0.0379853
0 0.357221 0.360614 0.0328904 0.0994431
0 0.0533366 0.444156 0.0659647 0.0732933
0 0.523947 0.323594 0.190795 0.0649602
0 0.415432 0.613336 0.0279897 0.0240927
0 0.497384 0.332308 0.197585 0.0773714
0 0.943128 0.74494 0.0403759 0.0227479
0 0.0401272 0.445114 0.0802544 0.078033
0 0.531955 0.317337 0.157263 0.0575624
