0 0.529379 0.60065 0.118937 0.0552843
0 0.60887 0.324408 0.0434184 0.0271723
0 0.493155 0.309998 0.0541415 0.036401
0 0.275708 0.405082 0.0423878 0.0656516
0 0.719866 0.497449 0.0375073 0.0301531
0 0.447342 0.352888 0.167275 0.103218
0 0.661306 0.227688 0.0602361 0.0912771
0 0.325487 0.397111 0.0432719 0.0729475
0 0.0674601 0.467578 0.0748133 0.0318205
0 0.416612 0.631536 0.0599783 0.0202978
0 0.664503 0.222618 0.0763345 0.11097
0 0.668235 0.19911 0.0753351 0.0717677
0 0.657531 0.237148 0.0529282 0.0725343
0 0.488233 0.368159 0.191129 0.0398565
0 0.507671 0.36793 0.143166 0.0329688
0 0.676976 0.193426 0.0577989 0.0602311
0 0.415877 0.354238 0.119923 0.106261
0 0.316278 0.40249 0.0601315 0.0958639
0 0.467153 0.36616 0.193329 0.0727321
0 0.484716 0.316061 0.0868329 0.0504647
