0 0.645955 0.23783 0.0666261 0.067139
0 0.840062 0.489587 0.0373466 0.0314146
0 0.675809 0.550746 0.118228 0.0961421
0 0.259312 0.418542 0.0418308 0.0526369
0 0.177767 0.336308 0.128863 0.0991958
0 0.03617 0.512361 0.07234 0.0302735
0 0.403035 0.26788 0.0812272 0.026381
0 0.522344 0.587507 0.0786399 0.0240684
0 0.481047 0.633766 0.0986397 0.0237321
0 0.313092 0.393721 0.0540186 0.0487702
0 0.454543 0.346047 0.20621 0.119057
0 0.470416 0.342367 0.159662 0.105404
0 0.184792 0.325813 0.113308 0.0729831
0 0.191624 0.318159 0.0988151 0.0576211
0 0.466307 0.330732 0.170793 0.0738377
