0 0.729954 0.240447 0.0990238 0.0888298
0 0.523369 0.60544 0.105226 0.0338762
0 0.718207 0.487761 0.0720406 0.0633675
0 0.82925 0.500472 0.061409 0.0548398
0 0.666839 0.581272 0.0855205 0.0847397
0 0.460911 0.364564 0.189424 0.0985596
0 0.604461 0.228179 0.0448468 0.0445401
0 0.0691777 0.427181 0.13777 0.0361335
0 0.130371 0.377947 0.0870747 0.0334575
0 0.0485451 0.482296 0.0678907 0.0250165
0 0.776399 0.49685 0.049252 0.0661495
0 0.642004 0.299994 0.0243524 0.023995
0 0.334445 0.391432 0.202549 0.141823
0 0.314552 0.410929 0.162176 0.10244
0 0.571622 0.310657 0.0567492 0.0338468
0 0.0649854 0.42132 0.129971 0.0386344
0 0.0541912 0.453948 0.104636 0.0331279
0 0.522573 0.276114 0.0372864 0.029465
