0 0.725908 0.512565 0.0794659 0.0588956
0 0.388852 0.633361 0.0621966 0.0531788
0 0.832134 0.466451 0.0678468 0.0389726
0 0.551814 0.345472 0.0662445 0.0397481
0 0.832521 0.474309 0.0702885 0.0552668
0 0.54565 0.556809 0.107643 0.0354974
0 0.26035 0.415074 0.0394078 0.0481755
0 0.046678 0.413177 0.0891515 0.0209166
0 0.587881 0.594481 0.108315 0.0574772
0 0.834098 0.491097 0.0595415 0.0584188
0 0.414975 0.361103 0.107026 0.0990125
0 0.582159 0.265395 0.189648 0.0682921
0 0.32142 0.393631 0.0413439 0.0568264
0 0.587048 0.278749 0.183725 0.0555562
0 0.58556 0.589819 0.126521 0.0726361
0 0.568966 0.584425 0.145193 0.0795157
0 0.618774 0.258375 0.112955 0.0792027
0 0.558279 0.277874 0.126296 0.0499917
0 0.263185 0.413282 0.0483976 0.0574635
0 0.635209 0.254514 0.0777187 0.0663135
0 0.301696 0.441726 0.031074 0.0353251
