0 0.415956 0.661402 0.0783688 0.0414913
0 0.494564 0.243751 0.0388496 0.0368108
0 0.700038 0.55667 0.0519485 0.0353785
0 0.0523671 0.435764 0.104734 0.0443733
0 0.725261 0.188281 0.0476422 0.0700387
0 0.768285 0.508313 0.0582687 0.0425873
0 0.618036 0.209422 0.0426165 0.0349781
0 0.520852 0.353167 0.132529 0.0678935
0 0.27132 0.403648 0.0435481 0.0574309
0 0.511565 0.607729 0.0537772 0.0307779
0 0.394959 0.379741 0.0839038 0.0612007
0 0.322524 0.392194 0.0409721 0.05409
0 0.368728 0.350732 0.0427321 0.0816339
0 0.385538 0.358487 0.0725212 0.096651
0 0.395466 0.385584 0.0734996 0.0473582
0 0.824849 0.472821 0.0327582 0.0322087
0 0.39794 0.364222 0.0935471 0.0980121
