0 0.453473 0.610798 0.083437 0.0533791
0 0.701452 0.249964 0.0920007 0.0622879
0 0.115251 0.391669 0.0942205 0.0505406
0 0.630396 0.586082 0.107041 0.0555868
0 0.7781 0.502857 0.0557365 0.0631788
0 0.01968 0.458703 0.0392645 0.0310067
0 0.359761 0.387202 0.178228 0.116467
0 0.11024 0.40202 0.105229 0.0619734
0 0.558858 0.254777 0.147186 0.0990734
0 0.0567726 0.484792 0.0568562 0.020162
0 0.836686 0.493638 0.033509 0.0424191
0 0.504913 0.357699 0.212038 0.119084
0 0.575132 0.250328 0.112373 0.0881743
0 0.104752 0.411681 0.0988346 0.0388209
0 0.521263 0.341364 0.196387 0.132627
0 0.528508 0.34507 0.166686 0.0909265
0 0.410148 0.346939 0.10876 0.0662643
0 0.611885 0.586438 0.136922 0.0507429
0 0.717387 0.543359 0.0586424 0.0548284
0 0.717935 0.547751 0.0456326 0.0407233
0 0.474671 0.363949 0.226963 0.12503
0 0.288543 0.420225 0.114075 0.105146
0 0.411072 0.381326 0.171115 0.124313
