0 0.619092 0.600281 0.0718418 0.0495065
0 0.437854 0.628805 0.0944251 0.039288
0 0.0751299 0.462297 0.0753078 0.0241958
0 0.780712 0.494027 0.0845213 0.0731835
0 0.191986 0.333774 0.0820376 0.0479157
0 0.655126 0.542152 0.0346345 0.0299304
0 0.271 0.410417 0.0644396 0.0795569
0 0.575567 0.356811 0.0589253 0.04175
0 0.297577 0.408071 0.0832995 0.0947971
0 0.263178 0.409931 0.0503684 0.0714822
0 0.470833 0.362158 0.15172 0.0545348
0 0.414042 0.370175 0.160062 0.0898288
0 0.813871 0.516069 0.0512059 0.0387563
0 0.442035 0.378801 0.229562 0.0679069
0 0.428209 0.377554 0.214115 0.0881777
0 0.303554 0.40658 0.0508618 0.0796333
0 0.302608 0.424789 0.0897684 0.068592
0 0.472011 0.567746 0.135708 0.0266633
