0 0.0732043 0.526171 0.0865645 0.0443451
0 0.955442 0.896544 0.0891166 0.0438566
0 0.0317713 0.461806 0.0635426 0.0377791
0 0.594952 0.299854 0.173155 0.128588
0 0.675585 0.204499 0.0488539 0.0465654
0 0.730208 0.477483 0.0630744 0.036449
0 0.800902 0.474527 0.0557508 0.0249802
0 0.73421 0.205506 0.0468942 0.0345768
0 0.302751 0.414614 0.0570695 0.0293031
0 0.338748 0.387675 0.0585454 0.0802763
0 0.664998 0.515115 0.069158 0.0484073
0 0.3229 0.38921 0.086624 0.0818223
0 0.138264 0.368177 0.0366112 0.0206243
0 0.355496 0.654348 0.0423579 0.0286964
