0 0.930028 0.83333 0.0475475 0.0236586
0 0.0884139 0.490675 0.0802386 0.0442211
0 0.535622 0.358217 0.0932493 0.0539895
0 0.488933 0.612767 0.135323 0.0475876
0 0.163189 0.537127 0.0746839 0.0366389
0 0.610522 0.206651 0.0672014 0.0345516
0 0.546776 0.284446 0.0497192 0.0455035
0 0.496902 0.320719 0.0382957 0.0322423
0 0.145203 0.382953 0.0770041 0.0196662
0 0.280802 0.406337 0.0612317 0.0707525
0 0.456921 0.268115 0.0336065 0.0261141
0 0.396562 0.351586 0.0683761 0.105405
0 0.0733834 0.433903 0.0757173 0.0264447
0 0.413252 0.351561 0.101312 0.102634
0 0.320688 0.393021 0.0522058 0.0677035
0 0.383855 0.348776 0.0434738 0.0937188
0 0.29853 0.401548 0.0965705 0.0815885
