0 0.565997 0.291877 0.136967 0.0732334
0 0.453823 0.611682 0.0649688 0.023067
0 0.776688 0.46661 0.0651634 0.0792094
0 0.141539 0.533487 0.105644 0.0468121
0 0.460347 0.548258 0.0380205 0.0191817
0 0.32483 0.418345 0.0776673 0.0421444
0 0.335105 0.415298 0.0977874 0.050792
0 0.118683 0.380682 0.0329409 0.0232002
0 0.371142 0.368731 0.0362135 0.0475169
0 0.387297 0.335484 0.0287706 0.0209464
0 0.468296 0.244969 0.0425653 0.0279577
0 0.0355789 0.446263 0.0381202 0.0210742
0 0.338541 0.396871 0.101146 0.0908537
0 0.56017 0.293228 0.150008 0.114305
