0 0.0495226 0.394687 0.0990451 0.0512738
0 0.888873 0.916072 0.0456369 0.0223876
0 0.592931 0.232918 0.199865 0.096413
0 0.777093 0.521091 0.0534418 0.0385406
0 0.749889 0.214299 0.0393083 0.0376375
0 0.350775 0.380824 0.0416301 0.072494
0 0.576629 0.609448 0.12196 0.0439055
0 0.770329 0.474971 0.0538375 0.0361955
0 0.295388 0.424994 0.0414593 0.025292
0 0.586185 0.601627 0.14309 0.0640199
0 0.52364 0.330551 0.114649 0.0890038
0 0.594501 0.594336 0.151611 0.0825974
0 0.716533 0.55048 0.034761 0.0324023
0 0.606697 0.23016 0.15204 0.0865234
0 0.770357 0.480819 0.0573657 0.0489902
0 0.604185 0.59342 0.127983 0.0663004
0 0.565549 0.359837 0.100116 0.0448138
0 0.575956 0.363382 0.0758034 0.0345455
0 0.543751 0.331768 0.138429 0.103338
