0 0.256237 0.299304 0.0539922 0.0471411
0 0.418675 0.577587 0.0716784 0.0273197
0 0.824152 0.415627 0.0322059 0.0469279
0 0.767075 0.544318 0.0449913 0.0322855
0 0.497454 0.31201 0.0955008 0.0630218
0 0.329459 0.404867 0.0540946 0.0873802
0 0.671278 0.543973 0.0578063 0.0592003
0 0.58419 0.312954 0.0708802 0.0488729
0 0.734227 0.479671 0.0308967 0.0262052
0 0.551374 0.360821 0.0544508 0.0191993
0 0.616173 0.600876 0.0522437 0.0213999
0 0.277207 0.430846 0.0391769 0.0323292
0 0.309798 0.403682 0.0831816 0.0879736
0 0.00938747 0.401202 0.0187749 0.0315104
