0 0.297279 0.429219 0.0607238 0.0304312
0 0.395368 0.61945 0.0640305 0.0639005
0 0.464489 0.390141 0.143005 0.0621799
0 0.746478 0.495233 0.0830878 0.0837015
0 0.045547 0.482527 0.091094 0.0271065
0 0.662655 0.595606 0.0910492 0.0415764
0 0.821162 0.421981 0.04246 0.0455778
0 0.288349 0.28687 0.0275402 0.0299042
0 0.512298 0.285994 0.165993 0.111935
0 0.492036 0.295219 0.140555 0.107745
0 0.0119308 0.430369 0.0238616 0.0223291
0 0.532081 0.251733 0.133607 0.0483419
0 0.728583 0.467102 0.0807867 0.0796992
0 0.352639 0.36678 0.0406746 0.0514935
0 0.529935 0.263197 0.141711 0.0726478
