0 0.112945 0.389098 0.0579922 0.0269098
0 0.590331 0.325185 0.0982645 0.0522057
0 0.902607 0.435762 0.0563989 0.0481436
0 0.745358 0.511628 0.08779 0.033195
0 0.130426 0.521243 0.0452192 0.0268018
0 0.614562 0.570556 0.205883 0.0821774
0 0.265501 0.40541 0.0420659 0.0558442
0 0.500097 0.284339 0.113873 0.0449404
0 0.407882 0.369142 0.149267 0.109361
0 0.501103 0.278729 0.106567 0.0332326
0 0.622678 0.571051 0.192174 0.0613794
0 0.598515 0.266276 0.0371077 0.0300504
0 0.501094 0.288643 0.120698 0.0625398
0 0.605362 0.579866 0.175034 0.0614395
0 0.647714 0.564264 0.12959 0.0618362
