0 0.431435 0.65001 0.0763 0.0310992
0 0.768706 0.497961 0.0847685 0.0562654
0 0.641755 0.558542 0.115774 0.0299456
0 0.645723 0.209286 0.0473263 0.0437733
0 0.0547875 0.401398 0.070572 0.0248471
0 0.290217 0.418803 0.0940984 0.0978689
0 0.427658 0.38204 0.181348 0.0794117
0 0.0331581 0.44487 0.0618498 0.0263527
0 0.359079 0.344035 0.0303007 0.0603186
0 0.357198 0.632269 0.0482957 0.0209284
0 0.455592 0.32811 0.0749536 0.0328886
0 0.557602 0.317176 0.0604527 0.0398707
0 0.531234 0.362984 0.0641662 0.0221462
0 0.420258 0.367266 0.15556 0.0991839
0 0.539984 0.262273 0.168953 0.0736354
0 0.514067 0.271328 0.2133 0.0620233
0 0.524496 0.365273 0.0833633 0.025207
0 0.455037 0.333915 0.0980533 0.0374919
0 0.0434246 0.496355 0.0681457 0.0299889
0 0.400894 0.346743 0.119837 0.0694454
