0 0.062157 0.38949 0.0575404 0.0469959
0 0.0425273 0.486263 0.0725028 0.029366
0 0.234153 0.312098 0.0460478 0.042743
0 0.63844 0.564411 0.0737898 0.059696
0 0.504156 0.261871 0.0675039 0.0411008
0 0.423009 0.348687 0.160311 0.102726
0 0.571877 0.315488 0.0959781 0.0597142
0 0.263988 0.423794 0.0489652 0.0415306
0 0.676619 0.27356 0.087209 0.0391895
0 0.0179303 0.450117 0.0337952 0.0262256
0 0.653872 0.188839 0.117011 0.112389
0 0.139958 0.368291 0.0280323 0.0209274
0 0.577311 0.313502 0.129404 0.0753934
0 0.74438 0.201365 0.0797215 0.0586282
0 0.652921 0.269323 0.133599 0.0513302
0 0.676681 0.184906 0.138918 0.103166
0 0.0740172 0.40975 0.0630659 0.0453792
0 0.661462 0.175592 0.104445 0.0852378
0 0.560025 0.248179 0.0681523 0.0520702
