0 0.737585 0.507203 0.0918838 0.116898
0 0.897457 0.4279 0.0688426 0.0290909
0 0.0276031 0.449476 0.0552061 0.0277164
0 0.37222 0.661993 0.0992222 0.0235819
0 0.453024 0.583582 0.0600989 0.0244136
0 0.468186 0.379332 0.063895 0.0332463
0 0.0304234 0.393885 0.0566331 0.0395799
0 0.501739 0.312084 0.111631 0.0654315
0 0.620695 0.261429 0.0337535 0.0386684
0 0.330309 0.400791 0.0412129 0.0807713
0 0.577427 0.356069 0.112928 0.0575839
0 0.529054 0.323902 0.201778 0.0883693
0 0.279797 0.433362 0.0419117 0.0301567
0 0.286667 0.425069 0.0618569 0.0482177
0 0.267723 0.644484 0.0343282 0.0226951
