0 0.801705 0.436898 0.0514202 0.0607743
0 0.709769 0.491981 0.0741849 0.0632223
0 0.276027 0.416417 0.0590945 0.031334
0 0.620929 0.531659 0.095968 0.0550237
0 0.709292 0.223783 0.0746108 0.0607659
0 0.587623 0.212273 0.0903053 0.0815046
0 0.577852 0.29416 0.168951 0.109605
0 0.419361 0.34933 0.179548 0.0928144
0 0.593219 0.220354 0.113294 0.114625
0 0.578439 0.267001 0.15632 0.138704
0 0.39618 0.36597 0.159327 0.0744422
0 0.378978 0.366237 0.129657 0.0962198
0 0.578802 0.308215 0.157166 0.0833111
