0 0.42796 0.642168 0.0419072 0.0402429
0 0.683481 0.242076 0.100153 0.111715
0 0.866085 0.505311 0.0546341 0.0301408
0 0.555869 0.584435 0.0875974 0.0245401
0 0.715016 0.571194 0.0845559 0.0219039
0 0.292548 0.427302 0.0574708 0.0303451
0 0.350743 0.361642 0.0480546 0.0612075
0 0.391416 0.406443 0.10137 0.0442395
0 0.513096 0.290515 0.20835 0.129001
0 0.0152022 0.461799 0.0304044 0.0204449
0 0.543545 0.27278 0.119166 0.0923988
0 0.301612 0.276125 0.0269405 0.025703
0 0.390647 0.381407 0.125065 0.0927703
0 0.510487 0.278536 0.181463 0.102376
0 0.715386 0.572178 0.101447 0.0284352
0 0.682253 0.227186 0.114595 0.0843016
