0 0.097818 0.480781 0.0851056 0.0271118
0 0.76242 0.486635 0.132389 0.0736257
0 0.471613 0.551438 0.0876663 0.0237275
0 0.846882 0.402337 0.0550108 0.0342263
0 0.498009 0.602954 0.0818619 0.024724
0 0.378839 0.551933 0.0339762 0.0280302
0 0.281346 0.425342 0.0405471 0.0253555
0 0.584473 0.526693 0.0674477 0.0273023
0 0.358231 0.371497 0.057831 0.105679
0 0.633566 0.274523 0.125784 0.0924429
0 0.377111 0.602804 0.0406204 0.0354304
0 0.0333275 0.40286 0.0603431 0.0298626
0 0.519595 0.271236 0.0807576 0.0706716
0 0.609844 0.279417 0.175684 0.0985479
0 0.555829 0.294626 0.180791 0.135638
0 0.510573 0.325122 0.126754 0.0703003
0 0.524828 0.290047 0.116857 0.110076
0 0.359678 0.356061 0.0403038 0.0828897
