0 0.679592 0.536468 0.0949907 0.0644519
0 0.788516 0.482819 0.0887289 0.0377138
0 0.55777 0.549789 0.101846 0.0205076
0 0.175603 0.506047 0.1203 0.0507256
0 0.60809 0.303263 0.0732739 0.0514048
0 0.588207 0.235017 0.0900618 0.0709399
0 0.293417 0.412299 0.0450795 0.0236452
0 0.403483 0.369725 0.131387 0.0952227
0 0.397928 0.382204 0.127866 0.0696824
0 0.364003 0.32945 0.0305616 0.0506692
0 0.440307 0.556953 0.0333956 0.032886
0 0.465235 0.355763 0.0856346 0.042253
0 0.50656 0.317575 0.0961227 0.0361499
0 0.575056 0.239312 0.0719981 0.0873466
