0 0.862721 0.419479 0.115119 0.0414813
0 0.522036 0.954648 0.067345 0.0264547
0 0.0314837 0.411627 0.0629673 0.050766
0 0.249706 0.417902 0.0376853 0.0474681
0 0.755686 0.246621 0.0355405 0.0622953
0 0.741202 0.505372 0.0671661 0.0561707
0 0.466114 0.296353 0.0372609 0.0226794
0 0.312817 0.387267 0.0413107 0.0507663
0 0.436644 0.356108 0.159021 0.0717597
0 0.57081 0.585067 0.217319 0.0899155
0 0.591675 0.572135 0.21551 0.112367
0 0.612297 0.55969 0.179638 0.0958331
0 0.424488 0.35085 0.155372 0.0919852
0 0.403278 0.348841 0.135239 0.108411
0 0.652997 0.54554 0.0966067 0.0707254
