0 0.148519 0.363953 0.0476213 0.0247179
0 0.817806 0.438952 0.0935278 0.0856969
0 0.671204 0.292137 0.0612015 0.0662141
0 0.293044 0.425795 0.0617684 0.0299492
0 0.548302 0.641479 0.0450329 0.0230441
0 0.503883 0.319613 0.195779 0.110203
0 0.414959 0.56651 0.0873165 0.0561957
0 0.534605 0.542137 0.0687566 0.0225455
0 0.793463 0.515772 0.0516396 0.0430222
0 0.716054 0.184901 0.0307752 0.0360088
0 0.28932 0.285112 0.0333921 0.0271053
0 0.462732 0.387623 0.0971133 0.0476797
0 0.350561 0.372091 0.0428585 0.0546626
0 0.348816 0.379682 0.0357322 0.0610204
