0 0.463918 0.269155 0.0518377 0.0403113
0 0.508859 0.559165 0.0852672 0.0316181
0 0.0998279 0.405201 0.0815702 0.0494521
0 0.505082 0.635435 0.0899708 0.0255928
0 0.799317 0.433574 0.0377368 0.0335797
0 0.0453869 0.542914 0.0697925 0.0242174
0 0.639853 0.296425 0.135299 0.105285
0 0.546856 0.277975 0.0519879 0.0346104
0 0.273001 0.410335 0.0555399 0.068217
0 0.423736 0.373996 0.170623 0.0724425
0 0.426288 0.331209 0.112057 0.0434879
0 0.420358 0.365568 0.153852 0.0981899
0 0.427519 0.338741 0.117767 0.0529548
0 0.285966 0.403788 0.0875644 0.0773481
0 0.82993 0.475246 0.0310892 0.0240753
0 0.52777 0.369591 0.0437043 0.0638665
0 0.299343 0.402801 0.0592663 0.0635495
