0 0.644318 0.242286 0.0520616 0.0464092
0 0.558199 0.243662 0.0497612 0.0370582
0 0.284573 0.419181 0.0798742 0.0542761
0 0.745475 0.512446 0.0688591 0.0404086
0 0.0426799 0.440971 0.0853598 0.040476
0 0.168765 0.346452 0.0819983 0.0467578
0 0.552659 0.297523 0.0850532 0.022815
0 0.275294 0.282437 0.0895216 0.0383832
0 0.447204 0.638158 0.0487967 0.0215542
0 0.705224 0.57265 0.0454547 0.0453696
0 0.63816 0.552726 0.0615454 0.0475318
0 0.439421 0.350522 0.163319 0.116089
0 0.45172 0.362109 0.201435 0.113822
0 0.420059 0.360247 0.169115 0.139806
