0 0.866249 0.454483 0.0577681 0.0364888
0 0.561399 0.598038 0.105351 0.0392516
0 0.0349976 0.519435 0.0699951 0.0277137
0 0.0679576 0.416057 0.10079 0.0320612
0 0.761016 0.467191 0.042768 0.0416278
0 0.43657 0.649021 0.0521548 0.024907
0 0.483557 0.289737 0.102061 0.0611476
0 0.193339 0.333843 0.0380838 0.0244851
0 0.0343586 0.44746 0.0651131 0.0222101
0 0.334648 0.384536 0.159873 0.0974525
0 0.482392 0.299756 0.119859 0.0775159
0 0.264871 0.410109 0.0399734 0.0585293
0 0.048815 0.446408 0.0976299 0.0241992
0 0.441364 0.34241 0.186237 0.134585
0 0.465702 0.323291 0.206337 0.131977
0 0.381504 0.363123 0.237718 0.128289
