0 0.772632 0.456567 0.0820291 0.0548755
0 0.644401 0.240162 0.061034 0.0480395
0 0.497642 0.584364 0.0559601 0.0299968
0 0.47914 0.386977 0.0808222 0.032644
0 0.330548 0.403716 0.0567453 0.0929566
0 0.693185 0.550268 0.105196 0.0659418
0 0.507435 0.320581 0.103704 0.0687197
0 0.518275 0.272776 0.0953954 0.0378202
0 0.290576 0.422714 0.0576833 0.0484298
0 0.288261 0.428534 0.0525538 0.0356212
0 0.508327 0.61056 0.0540826 0.0253744
0 0.506247 0.60394 0.0681049 0.0367407
0 0.305558 0.403443 0.089845 0.0840255
0 0.336712 0.395665 0.0541691 0.0877035
