0 0.638295 0.928042 0.0527339 0.0330765
0 0.41952 0.639851 0.0602323 0.0302228
0 0.545635 0.239786 0.064682 0.0519448
0 0.747918 0.203718 0.0855036 0.0605479
0 0.702307 0.525361 0.0989877 0.0606959
0 0.684274 0.15932 0.0402834 0.0552309
0 0.0365478 0.386165 0.0730956 0.0326452
0 0.0614839 0.421855 0.0926595 0.0252864
0 0.609922 0.32554 0.0287019 0.0340165
0 0.444226 0.353216 0.123352 0.109239
0 0.557207 0.304975 0.0444103 0.0307317
0 0.58567 0.375211 0.0655849 0.0387199
0 0.615528 0.237012 0.0274622 0.0454509
0 0.264445 0.422741 0.0464465 0.0450009
0 0.210347 0.338033 0.0429919 0.0372553
0 0.429133 0.352247 0.175807 0.110327
0 0.0545428 0.416373 0.0976232 0.0397687
0 0.33329 0.382543 0.057947 0.111717
0 0.73885 0.194032 0.106203 0.0911056
0 0.706165 0.164644 0.0855782 0.0644397
0 0.06311 0.421545 0.100662 0.0336924
