0 0.913799 0.915821 0.082247 0.0366802
0 0.089373 0.397357 0.0743222 0.0269915
0 0.0665435 0.523988 0.10455 0.0368804
0 0.2693 0.407404 0.0359437 0.0494255
0 0.386928 0.584858 0.0531049 0.0372803
0 0.580962 0.259069 0.042805 0.0461058
0 0.853987 0.443462 0.0829506 0.0397377
0 0.515312 0.581454 0.121984 0.0319812
0 0.571216 0.353922 0.080092 0.0368082
0 0.0628332 0.457866 0.0694802 0.0287462
0 0.330268 0.38865 0.0401841 0.0503692
0 0.436905 0.36901 0.132585 0.108083
0 0.495765 0.315111 0.0599365 0.0465841
0 0.643646 0.571604 0.0868258 0.0341504
0 0.759856 0.518723 0.0889655 0.0524988
0 0.653241 0.518928 0.191059 0.0876253
0 0.669027 0.507538 0.150982 0.0601482
0 0.655516 0.526592 0.161835 0.0683429
0 0.626426 0.52657 0.109179 0.0560178
0 0.714738 0.513574 0.195825 0.0714121
0 0.699033 0.508188 0.12216 0.0617443
