0 0.954814 0.891865 0.0470368 0.0316415
0 0.163376 0.488938 0.0620764 0.0274093
0 0.508424 0.608213 0.0798709 0.0235528
0 0.844232 0.42101 0.0415111 0.0275792
0 0.0636107 0.454599 0.0664446 0.0274104
0 0.724564 0.490506 0.111568 0.0868469
0 0.266917 0.406865 0.0363857 0.0477559
0 0.0233032 0.413679 0.0437204 0.0202028
0 0.402469 0.371201 0.202359 0.122972
0 0.792268 0.542877 0.0406528 0.0334508
0 0.719983 0.505868 0.131157 0.107548
0 0.457003 0.355159 0.0996053 0.0604327
0 0.710988 0.524426 0.111497 0.0874987
0 0.425984 0.362184 0.172968 0.0781923
0 0.379502 0.369493 0.147128 0.115111
