0 0.529519 0.296095 0.0945494 0.0762588
0 0.808376 0.415849 0.0626709 0.0578909
0 0.403866 0.554431 0.0744294 0.0484179
0 0.35776 0.358767 0.0495901 0.105785
0 0.634076 0.29373 0.0580155 0.0245576
0 0.454718 0.61442 0.0598395 0.0316427
0 0.646405 0.219624 0.0951302 0.0884712
0 0.685566 0.153478 0.0410845 0.0351381
0 0.0329338 0.469904 0.0320423 0.0328912
0 0.282398 0.412812 0.0379856 0.0219944
0 0.357446 0.367396 0.0416875 0.0841997
0 0.519836 0.282518 0.081201 0.0701173
0 0.420159 0.223692 0.0864224 0.0239636
0 0.629323 0.287699 0.0741177 0.0428226
