0 0.790443 0.492939 0.0794502 0.0379813
0 0.0569289 0.357617 0.068369 0.0300075
0 0.45703 0.544805 0.108514 0.0350602
0 0.277527 0.414018 0.0398558 0.0274423
0 0.22256 0.31618 0.0784166 0.0666625
0 0.821922 0.907693 0.0727713 0.0675601
0 0.368197 0.35174 0.0892923 0.0786465
0 0.453498 0.230493 0.0784099 0.0209756
0 0.466161 0.585947 0.102739 0.0381449
0 0.538341 0.311165 0.116538 0.0624051
0 0.640862 0.233821 0.122023 0.0558203
0 0.60919 0.239555 0.195762 0.0741271
0 0.462421 0.577707 0.11612 0.0519408
0 0.594729 0.248946 0.164127 0.081989
0 0.572775 0.246647 0.115814 0.0623837
0 0.364889 0.363378 0.0809231 0.0600648
