0 0.448961 0.356517 0.177015 0.0895523
0 0.781522 0.452597 0.0496092 0.0334222
0 0.0794712 0.389409 0.0438576 0.0210869
0 0.762962 0.515401 0.122571 0.0551876
0 0.533885 0.620231 0.0867922 0.034108
0 0.274983 0.404606 0.0401561 0.0635989
0 0.0785851 0.500422 0.1252 0.0497804
0 0.0574719 0.455145 0.0616984 0.0216807
0 0.583987 0.335814 0.0924455 0.0372269
0 0.728044 0.254476 0.038565 0.0353501
0 0.327792 0.392077 0.0397602 0.0605482
0 0.669722 0.574642 0.04106 0.0191391
0 0.063293 0.490144 0.106932 0.0396104
