0 0.763719 0.485341 0.109882 0.0460289
0 0.499753 0.349647 0.0966375 0.0557191
0 0.0293299 0.41881 0.0566792 0.0354056
0 0.519853 0.567731 0.0880847 0.0290329
0 0.593735 0.233008 0.0833418 0.0367057
0 0.564095 0.2319 0.143108 0.0404091
0 0.285937 0.267624 0.029385 0.0247867
0 0.533497 0.302153 0.0548444 0.02913
0 0.549287 0.229635 0.104957 0.0298046
0 0.517585 0.302987 0.0968506 0.0331353
0 0.309822 0.41947 0.173643 0.0936319
0 0.293141 0.43497 0.213432 0.122593
0 0.315521 0.40851 0.141392 0.091589
0 0.367018 0.322936 0.0266829 0.0338877
0 0.671595 0.181796 0.0279723 0.0283722
0 0.499627 0.345012 0.112963 0.073999
0 0.359271 0.366758 0.0418612 0.0579052
