0 0.672521 0.231402 0.0775315 0.0505353
0 0.320312 0.257123 0.0758609 0.0371837
0 0.243452 0.311949 0.0707325 0.0426717
0 0.587186 0.243236 0.0406404 0.0389195
0 0.363573 0.362051 0.0451361 0.0945745
0 0.828593 0.402027 0.0385573 0.0592117
0 0.533945 0.317406 0.118665 0.0509629
0 0.554862 0.549974 0.0843725 0.0344441
0 0.637659 0.316 0.0834916 0.0626531
0 0.750691 0.531803 0.154114 0.0432808
0 0.84431 0.473316 0.0825112 0.073038
0 0.452832 0.358798 0.0950274 0.0361409
0 0.788027 0.46217 0.0705829 0.0531207
0 0.577686 0.579157 0.0468256 0.0194259
0 0.279082 0.411193 0.0420853 0.0242562
0 0.459537 0.358167 0.104004 0.0467026
0 0.58318 0.314636 0.205503 0.0703128
0 0.429518 0.335301 0.0601531 0.0509199
0 0.820417 0.464709 0.136644 0.0891741
0 0.607241 0.312518 0.144358 0.0663784
0 0.478858 0.616414 0.0358502 0.0214446
0 0.0341968 0.35233 0.033833 0.0204513
0 0.80005 0.465476 0.117782 0.0652269
