0 0.277208 0.296622 0.0638635 0.0417042
0 0.743827 0.535618 0.071485 0.0562465
0 0.84661 0.40873 0.0766577 0.0652765
0 0.473521 0.327231 0.0897868 0.0467786
0 0.59374 0.59186 0.117149 0.0456727
0 0.590605 0.279972 0.11098 0.0703679
0 0.66432 0.520472 0.07528 0.0517514
0 0.309997 0.414023 0.0568972 0.0352422
0 0.578402 0.591843 0.162335 0.0485234
0 0.375235 0.374818 0.0597582 0.094536
0 0.541425 0.552119 0.0339725 0.0191784
0 0.0565627 0.481067 0.0417329 0.0262581
0 0.544926 0.321488 0.17353 0.089908
0 0.571071 0.334925 0.0948639 0.0666128
0 0.585964 0.291648 0.111971 0.0883498
0 0.311433 0.409584 0.0691604 0.0421389
0 0.088862 0.403377 0.0566317 0.0282978
0 0.0606117 0.477086 0.0524369 0.0325235
