0 0.706181 0.224001 0.0900147 0.0694289
0 0.354824 0.639699 0.0571918 0.0298204
0 0.474063 0.604954 0.130169 0.0388836
0 0.777176 0.543243 0.0563501 0.0230043
0 0.0633596 0.387806 0.126719 0.052503
0 0.292164 0.416691 0.106021 0.0892925
0 0.553247 0.557751 0.0484884 0.0256474
0 0.66862 0.580417 0.11344 0.0710319
0 0.678725 0.564146 0.105854 0.0561175
0 0.574598 0.613702 0.0554988 0.0262139
0 0.583901 0.250841 0.0562558 0.0460477
0 0.536675 0.349703 0.205025 0.122087
0 0.565321 0.253912 0.0951885 0.0526881
0 0.490009 0.253489 0.169346 0.0539326
0 0.482495 0.255721 0.138797 0.0370282
0 0.506908 0.354498 0.20325 0.119769
0 0.5256 0.252996 0.178514 0.0514422
0 0.588737 0.327384 0.122002 0.0427966
0 0.575648 0.333114 0.146763 0.060104
0 0.560896 0.341815 0.204123 0.0981958
0 0.0622156 0.394659 0.122284 0.0426508
