0 0.702347 0.540501 0.0815256 0.0693388
0 0.115578 0.379053 0.125696 0.0501882
0 0.591679 0.582736 0.0644593 0.0429997
0 0.520497 0.313759 0.149799 0.0761658
0 0.431247 0.5992 0.147023 0.0594671
0 0.812186 0.494031 0.0520219 0.0234565
0 0.432964 0.244891 0.0455693 0.0236554
0 0.354713 0.402754 0.10467 0.0876119
0 0.475915 0.550081 0.0408604 0.0193281
0 0.636037 0.299264 0.113654 0.122916
0 0.651407 0.313546 0.0925595 0.0906059
0 0.642091 0.286859 0.0925858 0.0995207
0 0.359739 0.413661 0.0942973 0.0569471
