0 0.241003 0.496517 0.0551073 0.044221
0 0.844764 0.467516 0.0969496 0.0632988
0 0.543626 0.357591 0.0719564 0.0306605
0 0.0270111 0.453883 0.043551 0.0192424
0 0.607493 0.274246 0.113908 0.077
0 0.696729 0.576287 0.0498772 0.0552912
0 0.251444 0.300431 0.0415497 0.0239762
0 0.588003 0.277063 0.0875022 0.0741085
0 0.420628 0.351224 0.129106 0.106838
0 0.537916 0.611385 0.228474 0.0969634
0 0.305993 0.389512 0.113309 0.0868353
0 0.587305 0.289752 0.0888624 0.0529032
0 0.538723 0.614878 0.194207 0.0731258
0 0.267765 0.39987 0.0438269 0.0727506
0 0.56476 0.598292 0.210286 0.0926137
0 0.426834 0.358693 0.114977 0.0802449
