0 0.580972 0.2176 0.0984505 0.0453646
0 0.524966 0.290146 0.0899756 0.0573939
0 0.525892 0.297532 0.101044 0.047253
0 0.793025 0.406252 0.0762994 0.0418891
0 0.723664 0.232437 0.0279109 0.0285634
0 0.375069 0.389025 0.210735 0.0836776
0 0.360991 0.40014 0.228917 0.119668
0 0.728479 0.478153 0.105736 0.123883
0 0.397034 0.374737 0.168742 0.0867476
0 0.783448 0.410091 0.098609 0.0530986
0 0.363252 0.332538 0.0342106 0.0487952
0 0.52718 0.283715 0.105693 0.0754445
0 0.747012 0.472803 0.146179 0.12171
0 0.286681 0.26814 0.0273893 0.0259618
0 0.72348 0.493667 0.0939667 0.0916525
0 0.395807 0.383977 0.148499 0.0627823
0 0.283587 0.452309 0.209515 0.125843
0 0.454624 0.583036 0.0376309 0.0188925
