0 0.865604 0.420763 0.0411316 0.0454472
0 0.815084 0.480047 0.0628308 0.0433992
0 0.190457 0.526325 0.0965111 0.0587143
0 0.730236 0.265298 0.0770741 0.0611175
0 0.644678 0.201564 0.0392845 0.0461745
0 0.64243 0.300112 0.0390177 0.0561005
0 0.53223 0.247417 0.11046 0.0737897
0 0.0584311 0.527598 0.0845825 0.0275135
0 0.0114567 0.444835 0.0229135 0.0279298
0 0.0167714 0.491954 0.030962 0.0210592
0 0.424539 0.35455 0.144109 0.105088
0 0.667705 0.231382 0.0720234 0.0279359
0 0.257164 0.42303 0.0485563 0.0485196
0 0.400974 0.359569 0.208346 0.123847
0 0.534704 0.255833 0.129241 0.0876498
0 0.33382 0.381749 0.102408 0.114867
