0 0.175498 0.350321 0.125529 0.051169
0 0.0345597 0.422401 0.0691193 0.0307866
0 0.285681 0.255096 0.0759391 0.041728
0 0.505374 0.323379 0.0616608 0.0213256
0 0.377851 0.588628 0.0645765 0.036485
0 0.640427 0.596104 0.0751183 0.0465382
0 0.753038 0.454862 0.0404514 0.0415279
0 0.359948 0.383052 0.0489011 0.0815102
0 0.291189 0.4237 0.0381353 0.0213362
0 0.629912 0.258368 0.120255 0.12938
0 0.460674 0.581618 0.0686533 0.0414553
0 0.537898 0.520621 0.110707 0.0275719
0 0.532517 0.546963 0.203014 0.0537047
0 0.605585 0.239589 0.0808759 0.0494288
0 0.519162 0.530353 0.160861 0.048707
0 0.630325 0.277556 0.115469 0.0904676
0 0.512375 0.547635 0.151802 0.0419378
0 0.478137 0.5781 0.106941 0.054929
0 0.643931 0.248356 0.0880876 0.0999973
0 0.619858 0.592825 0.11713 0.0543547
0 0.444917 0.596741 0.0657685 0.0409391
0 0.520857 0.277619 0.037195 0.0286241
0 0.619284 0.249333 0.115134 0.0835891
0 0.518243 0.290969 0.0453477 0.0341541
0 0.371492 0.328957 0.0360968 0.0370517
0 0.495853 0.54608 0.112849 0.0387615
0 0.546606 0.553166 0.174493 0.0390189
