0 0.637722 0.584571 0.0840147 0.0709713
0 0.385859 0.573061 0.0538948 0.0221169
0 0.0575387 0.466378 0.0833185 0.0384632
0 0.772935 0.503353 0.0804684 0.0760226
0 0.645639 0.295177 0.0325723 0.033002
0 0.21702 0.323257 0.0515632 0.0243249
0 0.30319 0.434874 0.0821334 0.0419129
0 0.275369 0.407442 0.0750199 0.0741791
0 0.303897 0.398892 0.0458124 0.0582841
0 0.580862 0.357084 0.0581532 0.0384441
0 0.267098 0.407111 0.055867 0.0663238
0 0.295402 0.407954 0.0808063 0.0869949
0 0.487822 0.342385 0.0834461 0.0348865
0 0.439941 0.372204 0.226092 0.0723066
0 0.411211 0.36768 0.150532 0.0908928
0 0.476562 0.36027 0.130881 0.0594099
0 0.48447 0.348692 0.0909373 0.0493853
0 0.455872 0.35845 0.176239 0.0658982
0 0.431108 0.370124 0.211474 0.103357
