0 0.49949 0.321504 0.079098 0.0253656
0 0.750002 0.515875 0.0803365 0.0405141
0 0.605146 0.21876 0.0643604 0.0423483
0 0.0892947 0.453163 0.0450435 0.0277991
0 0.290556 0.419374 0.0391744 0.0225036
0 0.621564 0.553061 0.0462425 0.0303304
0 0.509603 0.262828 0.0323526 0.0400423
0 0.755047 0.420654 0.0422225 0.0243148
0 0.837488 0.457604 0.0280423 0.0356958
0 0.726444 0.456725 0.0473971 0.0387498
0 0.510806 0.236204 0.02854 0.0314916
0 0.417796 0.387817 0.0706749 0.0541751
0 0.540648 0.543489 0.0598624 0.0275813
0 0.353064 0.381346 0.0486425 0.0764087
0 0.35891 0.380737 0.0489214 0.0869024
0 0.407201 0.38255 0.0929039 0.072244
0 0.747815 0.428157 0.0593131 0.0404612
0 0.342454 0.380005 0.065889 0.080851
0 0.371101 0.326719 0.0342359 0.0311568
