0 0.605627 0.299757 0.188468 0.100818
0 0.134276 0.542657 0.0396126 0.0235258
0 0.974092 0.899309 0.0518155 0.0300164
0 0.0388196 0.391723 0.0776392 0.0315994
0 0.652447 0.201417 0.0742772 0.0441791
0 0.629843 0.547226 0.120842 0.0791596
0 0.432476 0.379197 0.0854037 0.0468137
0 0.315463 0.413439 0.0579013 0.0289456
0 0.259636 0.286788 0.027339 0.0290983
0 0.32014 0.4058 0.0727681 0.0444791
0 0.331665 0.390108 0.0766163 0.0736363
0 0.576826 0.302606 0.214647 0.109012
0 0.42426 0.381164 0.0840702 0.0599073
0 0.625931 0.292028 0.145314 0.0816083
0 0.383291 0.335198 0.0237436 0.0209252
