0 0.0780365 0.394596 0.0534489 0.0269995
0 0.725431 0.505497 0.0492442 0.0378149
0 0.631876 0.285222 0.0743783 0.0693104
0 0.376678 0.598809 0.076529 0.0341675
0 0.840271 0.439221 0.0550889 0.0925168
0 0.621647 0.551691 0.0665309 0.0503619
0 0.410377 0.40823 0.0884207 0.0489845
0 0.268429 0.457318 0.0587644 0.07291
0 0.49515 0.316123 0.0993683 0.0670128
0 0.329774 0.404446 0.0440041 0.089119
0 0.751353 0.222312 0.0333463 0.0447629
0 0.461648 0.254864 0.140037 0.0504988
0 0.486218 0.303305 0.136848 0.0953221
