0 0.695676 0.213029 0.102961 0.0793436
0 0.075698 0.501416 0.0364764 0.0484763
0 0.464921 0.396682 0.0496671 0.0247654
0 0.304895 0.422925 0.0381525 0.0211614
0 0.769066 0.505242 0.05626 0.0564482
0 0.586052 0.604469 0.181702 0.0940483
0 0.357752 0.384859 0.0399458 0.0724052
0 0.549712 0.293773 0.162967 0.123702
0 0.705807 0.515366 0.0546474 0.0350535
0 0.60001 0.610027 0.129248 0.0833051
0 0.44289 0.630862 0.090006 0.0237968
0 0.558697 0.283203 0.134305 0.112409
0 0.445097 0.627104 0.112016 0.0409803
0 0.535608 0.596893 0.116286 0.0751089
0 0.450288 0.609737 0.108312 0.0558026
0 0.361843 0.398075 0.0327027 0.0548239
0 0.51436 0.604776 0.224103 0.103063
0 0.555925 0.602601 0.146593 0.0843675
