0 0.149866 0.355147 0.0506986 0.0294454
0 0.854363 0.401731 0.0479584 0.0453565
0 0.0299472 0.398768 0.0579075 0.0255953
0 0.451923 0.57435 0.0527111 0.0304494
0 0.59066 0.202948 0.0310993 0.0336179
0 0.332754 0.399053 0.119958 0.0607806
0 0.820329 0.767044 0.0329533 0.0233917
0 0.866066 0.451625 0.0359263 0.0370276
0 0.599017 0.547039 0.0821481 0.0408769
0 0.527384 0.286729 0.108588 0.0942558
0 0.492811 0.60122 0.0446202 0.0199231
0 0.368467 0.339928 0.0355422 0.0658271
0 0.520382 0.299167 0.0955439 0.0756224
0 0.528285 0.263834 0.0806471 0.0695372
0 0.349381 0.357058 0.0792353 0.0824378
0 0.519934 0.309676 0.0983756 0.0487621
