0 0.848351 0.488103 0.0957503 0.0497044
0 0.530128 0.260628 0.078562 0.0406824
0 0.448584 0.609149 0.112755 0.0616276
0 0.733184 0.524915 0.078353 0.0505407
0 0.551234 0.622339 0.0951315 0.0445645
0 0.260019 0.417743 0.0415114 0.0501431
0 0.0447404 0.434269 0.0894807 0.0325134
0 0.573732 0.308168 0.0977566 0.0360742
0 0.059829 0.476022 0.0667875 0.0206344
0 0.410966 0.372664 0.117195 0.0980285
0 0.312341 0.399297 0.0563493 0.0596148
0 0.387363 0.376876 0.148964 0.123185
0 0.608885 0.274533 0.0534884 0.0335763
0 0.295937 0.445193 0.0289494 0.0402049
0 0.527767 0.354879 0.0356148 0.0240166
0 0.546585 0.616605 0.111801 0.0587234
0 0.485542 0.614101 0.181926 0.0706027
