0 0.799015 0.466718 0.0616143 0.03291
0 0.10635 0.380751 0.0821119 0.0352666
0 0.672047 0.180672 0.0616207 0.0533235
0 0.694036 0.525899 0.0478766 0.0230366
0 0.0236581 0.412712 0.0473162 0.0221936
0 0.452014 0.339383 0.183389 0.096832
0 0.27036 0.44974 0.0699559 0.0898823
0 0.582757 0.264812 0.0520432 0.0563403
0 0.494849 0.628593 0.0963441 0.0285547
0 0.504173 0.256845 0.0550641 0.0320611
0 0.679323 0.276652 0.0682867 0.0787992
0 0.321562 0.378249 0.0471637 0.0907306
0 0.479798 0.340427 0.138753 0.0861973
0 0.277607 0.44192 0.0619264 0.074599
0 0.675319 0.268126 0.0780098 0.106598
0 0.402407 0.664473 0.0446341 0.0277869
0 0.595304 0.346016 0.0942388 0.0725725
0 0.30107 0.394196 0.0796098 0.134843
0 0.667757 0.247794 0.0674642 0.0895783
0 0.668685 0.250332 0.0755255 0.121439
0 0.561991 0.297171 0.0618203 0.0356688
0 0.279878 0.435001 0.0776818 0.105295
