0 0.0394814 0.459307 0.0638052 0.0274693
0 0.341498 0.26379 0.0515488 0.0268564
0 0.783959 0.428783 0.0552826 0.0381498
0 0.691262 0.176201 0.0411198 0.0583473
0 0.660185 0.521076 0.104447 0.0338328
0 0.330623 0.382084 0.170397 0.0962899
0 0.517546 0.527645 0.104773 0.0319164
0 0.153904 0.492323 0.0786875 0.0428972
0 0.593794 0.297298 0.169979 0.129493
0 0.764017 0.505399 0.0581077 0.0315502
0 0.361691 0.630159 0.0390428 0.0375347
0 0.00958128 0.391372 0.0191626 0.0191298
0 0.506936 0.331192 0.220358 0.10405
0 0.611953 0.288574 0.117404 0.111115
0 0.565006 0.303394 0.233227 0.126581
