0 0.89144 0.444463 0.0621964 0.0338731
0 0.570714 0.518033 0.0733631 0.0243704
0 0.51013 0.58268 0.0625162 0.027597
0 0.0616328 0.426003 0.0846995 0.029779
0 0.69426 0.209116 0.064184 0.0510776
0 0.486825 0.329782 0.138096 0.0876411
0 0.503448 0.326908 0.175417 0.101925
0 0.294216 0.428634 0.0319922 0.0205114
0 0.666339 0.292506 0.0304991 0.029001
0 0.698995 0.195787 0.0566854 0.0736264
0 0.650038 0.249496 0.0697632 0.0508384
0 0.570751 0.287082 0.162856 0.08547
0 0.597659 0.275757 0.114692 0.0608634
0 0.523283 0.314457 0.162355 0.0880927
