0 0.613194 0.200862 0.109917 0.0736213
0 0.229767 0.48874 0.0960246 0.063324
0 0.0614237 0.481829 0.0708209 0.0283518
0 0.515846 0.317701 0.0912161 0.0532757
0 0.728631 0.229225 0.0308156 0.041441
0 0.294312 0.416387 0.0466335 0.0244772
0 0.731227 0.516477 0.0601389 0.0238969
0 0.627075 0.521043 0.0834658 0.0364083
0 0.459451 0.561466 0.113571 0.0494304
0 0.358454 0.377277 0.0487516 0.0827214
0 0.502941 0.570138 0.1903 0.0672696
0 0.62898 0.562962 0.147296 0.0657283
0 0.651981 0.565874 0.100923 0.0568484
0 0.366121 0.332301 0.034108 0.0486478
0 0.522648 0.578969 0.169832 0.047682
0 0.556753 0.578153 0.190646 0.0573561
0 0.532799 0.58733 0.152121 0.0647182
