0 0.0602696 0.509558 0.0856398 0.0455004
0 0.516404 0.313756 0.138182 0.073562
0 0.0615802 0.391251 0.0731295 0.0356381
0 0.680115 0.239657 0.0545348 0.0720432
0 0.646685 0.581808 0.0739082 0.0262458
0 0.762989 0.448228 0.0467834 0.0360241
0 0.526113 0.573317 0.0979912 0.020655
0 0.365928 0.406819 0.0988715 0.0432712
0 0.864106 0.439844 0.0556455 0.0318485
0 0.0233698 0.444642 0.0467396 0.0305718
0 0.482423 0.609776 0.106876 0.022167
0 0.362106 0.391298 0.102229 0.0664567
0 0.897861 0.386528 0.032903 0.0290301
0 0.366154 0.410629 0.0930417 0.0315294
0 0.834679 0.435552 0.0525126 0.0327092
0 0.740551 0.551975 0.0429361 0.0315759
0 0.277976 0.432518 0.040634 0.0300475
0 0.848858 0.438283 0.0864224 0.0374447
0 0.518585 0.577551 0.102031 0.0318726
