0 0.0814814 0.483655 0.0801833 0.0226475
0 0.756225 0.505998 0.11235 0.041741
0 0.519064 0.52268 0.0836223 0.0280681
0 0.281283 0.425677 0.0421042 0.0308444
0 0.500317 0.323461 0.084039 0.0272194
0 0.38152 0.577115 0.0709518 0.0483296
0 0.627984 0.595828 0.0985122 0.0573003
0 0.51844 0.268915 0.0709026 0.06207
0 0.615636 0.223269 0.0917926 0.0559601
0 0.357075 0.371763 0.0549572 0.106585
0 0.616782 0.23851 0.0901632 0.0855034
0 0.61795 0.265058 0.0658965 0.0583602
0 0.837552 0.44904 0.0300252 0.0319836
0 0.347793 0.372001 0.0657748 0.0977112
0 0.361335 0.356468 0.0392653 0.0812905
0 0.515236 0.27868 0.0787059 0.0799276
