0 0.850851 0.445965 0.0973246 0.0788939
0 0.667729 0.187165 0.0782216 0.0563086
0 0.0314341 0.420919 0.0538927 0.0323736
0 0.277773 0.409642 0.0457299 0.0780002
0 0.425741 0.35726 0.18996 0.108352
0 0.128219 0.384311 0.0846926 0.0368147
0 0.666333 0.240874 0.0472012 0.0333407
0 0.544907 0.299346 0.147042 0.126361
0 0.470653 0.268025 0.047546 0.0306857
0 0.0403025 0.503959 0.0681502 0.0265233
0 0.113202 0.41063 0.0796589 0.0312699
0 0.537076 0.311227 0.181051 0.117957
0 0.119302 0.405442 0.0924207 0.0441768
0 0.554662 0.291061 0.135822 0.100585
0 0.285594 0.406202 0.0679541 0.092263
