0 0.70455 0.259755 0.0763328 0.0549237
0 0.0409775 0.490576 0.0740216 0.0266129
0 0.727579 0.551041 0.121108 0.0756122
0 0.31883 0.613941 0.091714 0.0468067
0 0.561093 0.242818 0.0512484 0.0540598
0 0.412152 0.672543 0.0480728 0.0319195
0 0.769167 0.203491 0.037885 0.0403237
0 0.506084 0.293581 0.0829596 0.0417831
0 0.383659 0.256679 0.0966566 0.0260821
0 0.842934 0.454505 0.0420144 0.0287327
0 0.487316 0.37134 0.183237 0.0769784
0 0.097296 0.402672 0.0841311 0.0308938
0 0.3585 0.613784 0.174848 0.053643
0 0.268889 0.420452 0.0613535 0.102123
0 0.379939 0.386893 0.196208 0.120483
0 0.360129 0.606239 0.174016 0.0323977
0 0.273581 0.428534 0.0542943 0.0804169
0 0.389717 0.601794 0.109185 0.0245323
