0 0.535829 0.357273 0.20492 0.0970426
0 0.835892 0.446371 0.0374255 0.0414042
0 0.730755 0.174501 0.0428286 0.0417564
0 0.134719 0.36699 0.0541052 0.0381176
0 0.742403 0.4976 0.0463464 0.0349205
0 0.597072 0.272146 0.0569203 0.0393986
0 0.702657 0.511833 0.0387993 0.0410241
0 0.28409 0.415759 0.0905831 0.100034
0 0.395865 0.401406 0.105177 0.0524688
0 0.399486 0.407358 0.112688 0.0745503
0 0.366288 0.359331 0.0556908 0.0841707
0 0.931882 0.849565 0.0392413 0.0220237
0 0.738304 0.500077 0.0564947 0.0460413
