0 0.703159 0.293009 0.0946052 0.099254
0 0.593483 0.567118 0.0529125 0.0299792
0 0.416128 0.551624 0.045529 0.0223246
0 0.782317 0.188062 0.0765672 0.08458
0 0.575578 0.266196 0.0529823 0.0418816
0 0.0201564 0.485395 0.0403128 0.0256721
0 0.399264 0.662209 0.0545981 0.0231981
0 0.061341 0.422857 0.0939021 0.0345533
0 0.436267 0.33996 0.154392 0.0880825
0 0.564248 0.335246 0.125414 0.0487117
0 0.321094 0.396966 0.097043 0.128355
0 0.572319 0.292963 0.0643389 0.0443214
0 0.299533 0.430694 0.11064 0.0659304
0 0.340699 0.378274 0.0802573 0.117873
0 0.300908 0.410338 0.120785 0.110495
0 0.831437 0.522259 0.0296888 0.0250764
