0 0.55635 0.586676 0.0884364 0.0582204
0 0.0234806 0.369188 0.0469443 0.0287431
0 0.608863 0.282618 0.0843931 0.0565385
0 0.571775 0.227973 0.0526133 0.030754
0 0.05959 0.50454 0.0702217 0.0246513
0 0.356046 0.379899 0.0497577 0.0821449
0 0.576145 0.20389 0.0463367 0.0271564
0 0.292632 0.423521 0.0391549 0.0257789
0 0.50992 0.327931 0.0813831 0.0312116
0 0.823971 0.428858 0.0600926 0.0659214
0 0.368907 0.331498 0.0313723 0.0406057
0 0.772505 0.489207 0.0324483 0.0215741
0 0.506049 0.293461 0.0407696 0.0250853
0 0.343749 0.37893 0.0710298 0.0857667
