0 0.751554 0.176927 0.086102 0.0478441
0 0.250062 0.483958 0.0647215 0.0515848
0 0.83709 0.451294 0.0329177 0.0233709
0 0.547429 0.587039 0.0874614 0.0321286
0 0.508067 0.357753 0.0935681 0.033519
0 0.150812 0.531243 0.0900458 0.0448158
0 0.58849 0.285577 0.0622787 0.067577
0 0.328048 0.410769 0.0551727 0.0260875
0 0.532185 0.310505 0.0678776 0.0471709
0 0.0121213 0.432744 0.0242427 0.0269693
0 0.522012 0.528557 0.0470762 0.0286727
0 0.567881 0.289805 0.111962 0.0868971
0 0.374394 0.374155 0.0348071 0.064429
0 0.308171 0.275309 0.0282091 0.0216603
0 0.121502 0.378939 0.0427042 0.0255027
0 0.368193 0.380393 0.0452923 0.0693007
0 0.519868 0.317597 0.0780489 0.0794637
0 0.388317 0.336892 0.032531 0.0218872
