0 0.338346 0.246041 0.0897759 0.0405009
0 0.552457 0.600479 0.0543988 0.0315205
0 0.668345 0.237968 0.085526 0.0496975
0 0.364143 0.361699 0.0448689 0.101678
0 0.64748 0.299003 0.0664674 0.042588
0 0.518055 0.555299 0.0451856 0.0473223
0 0.815314 0.49296 0.0867649 0.0480866
0 0.511455 0.29754 0.163157 0.108491
0 0.0911991 0.484554 0.0810989 0.0350593
0 0.763726 0.46102 0.0337728 0.0256294
0 0.0523415 0.460513 0.0818565 0.0414472
0 0.674584 0.538178 0.121405 0.0245591
0 0.0862137 0.479385 0.0891367 0.0426035
0 0.278892 0.410734 0.0393459 0.0249652
0 0.0695812 0.468327 0.115179 0.054796
0 0.508159 0.314337 0.164279 0.0980008
0 0.524349 0.343585 0.117275 0.0749627
0 0.517894 0.35373 0.120207 0.0529902
0 0.515049 0.272522 0.115105 0.0698794
