0 0.374111 0.67944 0.0669253 0.0348043
0 0.0536259 0.420795 0.0734998 0.0475845
0 0.555154 0.245143 0.0695598 0.0344728
0 0.505735 0.347897 0.109156 0.0695573
0 0.678491 0.263224 0.11312 0.121435
0 0.554559 0.593082 0.0739073 0.0332687
0 0.271146 0.404171 0.0458463 0.0630935
0 0.663636 0.579901 0.0507607 0.0347831
0 0.788325 0.482034 0.0721757 0.0293319
0 0.393364 0.388321 0.0799489 0.0562105
0 0.322023 0.392276 0.0431961 0.0549706
0 0.367106 0.347707 0.0357784 0.0759017
0 0.785858 0.509043 0.0521636 0.0293238
0 0.383477 0.358834 0.0642682 0.0947115
