0 0.446122 0.387459 0.0904506 0.0303241
0 0.323321 0.399986 0.0413254 0.0842251
0 0.491075 0.308315 0.123405 0.0688832
0 0.447831 0.249581 0.0833248 0.033937
0 0.505345 0.587608 0.118542 0.0571363
0 0.326226 0.399789 0.0289631 0.0773603
0 0.6091 0.55749 0.0678608 0.0307932
0 0.587473 0.239491 0.0453849 0.040138
0 0.514626 0.590937 0.138843 0.0701143
0 0.532127 0.61356 0.11427 0.0384972
0 0.528756 0.607937 0.126282 0.0485146
0 0.268832 0.441209 0.0571876 0.0256619
0 0.454805 0.25282 0.0951707 0.0427812
0 0.328379 0.3889 0.0483579 0.0645874
