0 0.831237 0.453782 0.0581727 0.0414014
0 0.0562662 0.455251 0.0581959 0.0200408
0 0.277206 0.40703 0.0389831 0.0570951
0 0.446061 0.62373 0.0665568 0.0441084
0 0.114649 0.385224 0.0761397 0.0207735
0 0.42549 0.356239 0.12558 0.103204
0 0.561365 0.314969 0.126198 0.0792624
0 0.528542 0.386249 0.0987763 0.0387594
0 0.727901 0.527437 0.0613253 0.0342677
0 0.330873 0.389986 0.0374168 0.0513881
0 0.424774 0.366047 0.114497 0.0748784
0 0.658365 0.504883 0.0700394 0.0256441
0 0.536246 0.632666 0.0553386 0.0199096
0 0.888999 0.887404 0.0317605 0.0224479
0 0.516747 0.382872 0.123361 0.0417734
