0 0.225528 0.490981 0.081509 0.0669788
0 0.557305 0.21087 0.0855039 0.0460656
0 0.54832 0.304807 0.140193 0.0725776
0 0.823253 0.391504 0.0411909 0.0386796
0 0.0154365 0.459336 0.0299695 0.0465592
0 0.33747 0.619182 0.0444457 0.0342617
0 0.357374 0.381159 0.0561308 0.084396
0 0.475383 0.559278 0.075109 0.0289242
0 0.781668 0.420314 0.0380671 0.03014
0 0.293527 0.42356 0.0368608 0.0255616
0 0.5865 0.537381 0.086586 0.0218484
0 0.346024 0.380702 0.0763197 0.0857261
0 0.524528 0.27778 0.0584529 0.0332378
0 0.37646 0.327264 0.0333878 0.0313854
