0 0.766334 0.477239 0.123629 0.0582933
0 0.333862 0.257621 0.0341949 0.0298094
0 0.46159 0.632483 0.146664 0.0590186
0 0.566509 0.565881 0.107466 0.0414383
0 0.317988 0.417871 0.0399492 0.0210983
0 0.571019 0.23242 0.110684 0.0400479
0 0.370598 0.376637 0.0431457 0.0697395
0 0.594448 0.295977 0.216622 0.0838298
0 0.558401 0.235468 0.144592 0.0405706
0 0.610805 0.287795 0.172314 0.0619193
0 0.580378 0.2985 0.216577 0.107518
0 0.56525 0.283947 0.193205 0.119119
0 0.509244 0.363297 0.0395234 0.0254777
0 0.630715 0.285648 0.132966 0.0534354
0 0.428933 0.399998 0.040087 0.0253243
0 0.523387 0.259928 0.113647 0.0330455
0 0.546096 0.242016 0.155121 0.0658555
