0 0.373225 0.628438 0.0885 0.0321229
0 0.25987 0.29985 0.0412414 0.0429116
0 0.663477 0.550563 0.0785788 0.0495288
0 0.783192 0.471925 0.0699804 0.0493069
0 0.309107 0.41073 0.0982078 0.0931463
0 0.0183038 0.399815 0.0357772 0.0321323
0 0.1101 0.375611 0.0642821 0.050064
0 0.025212 0.459156 0.0501293 0.0385786
0 0.916662 0.391875 0.0316744 0.0350736
0 0.529161 0.300892 0.186239 0.0884152
0 0.807524 0.413052 0.0291789 0.0377424
0 0.500367 0.368704 0.0869634 0.0391836
0 0.647169 0.315457 0.0679703 0.0294012
0 0.307733 0.42276 0.0925528 0.06864
0 0.539791 0.293994 0.144157 0.0727051
