0 0.265121 0.472477 0.0838879 0.069014
0 0.647609 0.575305 0.0669117 0.0528409
0 0.836482 0.521615 0.0446937 0.0314348
0 0.0607046 0.519422 0.0609784 0.0271726
0 0.544244 0.578632 0.0790362 0.0345924
0 0.422044 0.549072 0.0773935 0.0293794
0 0.54743 0.297801 0.128623 0.0845957
0 0.274337 0.287856 0.0424503 0.0216838
0 0.384692 0.39036 0.109264 0.0560485
0 0.515628 0.362739 0.0603347 0.0292706
0 0.670884 0.17338 0.187922 0.111483
0 0.685694 0.167116 0.150353 0.0937894
0 0.381941 0.333283 0.0277189 0.0223989
0 0.659098 0.25617 0.0630463 0.0731997
