0 0.0255785 0.444204 0.0511569 0.0286244
0 0.646087 0.209228 0.0823851 0.0641362
0 0.810576 0.440511 0.0584865 0.0454273
0 0.559504 0.532845 0.0934389 0.0364149
0 0.545508 0.276364 0.0917599 0.0493054
0 0.468482 0.593161 0.0794933 0.0625097
0 0.759016 0.431728 0.0382116 0.0351871
0 0.521667 0.318111 0.0839939 0.0359505
0 0.360224 0.383681 0.0670155 0.0905032
0 0.799708 0.44136 0.0808278 0.050069
0 0.296848 0.424074 0.0445509 0.0273613
0 0.379456 0.328061 0.0326535 0.0287588
0 0.635383 0.278832 0.0482994 0.0356942
0 0.339802 0.383659 0.100416 0.0931048
0 0.537845 0.28532 0.0943804 0.0743572
