0 0.832941 0.441662 0.0511568 0.0359349
0 0.663434 0.249801 0.151575 0.0936789
0 0.0793749 0.504821 0.0590859 0.0245633
0 0.30965 0.367422 0.116504 0.114238
0 0.759583 0.450004 0.0397315 0.0416715
0 0.636882 0.563267 0.0789974 0.0339364
0 0.650936 0.257893 0.212605 0.123575
0 0.279374 0.427563 0.0704131 0.0727725
0 0.716781 0.477426 0.0682852 0.0487447
0 0.556262 0.296372 0.200178 0.0863501
0 0.471914 0.338694 0.162235 0.0764618
0 0.424936 0.340303 0.0707427 0.0658436
0 0.733561 0.462311 0.0894513 0.0720896
0 0.308139 0.394625 0.136993 0.14213
