0 0.175877 0.342287 0.0452698 0.0337081
0 0.589865 0.6092 0.109663 0.0606943
0 0.647223 0.273614 0.0856569 0.059922
0 0.258558 0.419328 0.0368534 0.0531782
0 0.44779 0.652747 0.0794222 0.04301
0 0.885576 0.439857 0.0463781 0.0345559
0 0.680442 0.547744 0.072376 0.0638518
0 0.463728 0.588248 0.0571885 0.0247548
0 0.509712 0.270325 0.0660831 0.0310831
0 0.313224 0.394603 0.0584638 0.0487657
0 0.522408 0.310609 0.0969087 0.0725898
0 0.376009 0.360177 0.0961916 0.0984354
0 0.390251 0.358068 0.0739113 0.0921001
0 0.449405 0.348195 0.0614456 0.0922177
