0 0.809986 0.476944 0.0807685 0.0416654
0 0.45282 0.580769 0.0904363 0.0364112
0 0.643029 0.29 0.0720012 0.0569308
0 0.0674214 0.47546 0.0826603 0.0230054
0 0.705917 0.570331 0.088621 0.0612071
0 0.562039 0.267062 0.0557703 0.0433092
0 0.424065 0.278033 0.0940351 0.0360686
0 0.268304 0.400981 0.0418193 0.0582172
0 0.742517 0.213568 0.0545909 0.062197
0 0.346626 0.651301 0.0352837 0.0236681
0 0.445562 0.381766 0.238625 0.111033
0 0.46536 0.370485 0.213044 0.0812702
0 0.417176 0.374516 0.172934 0.120404
0 0.47868 0.362626 0.16199 0.0617549
0 0.426982 0.283352 0.102884 0.0415444
