0 0.659393 0.528819 0.0916169 0.0432894
0 0.750574 0.205824 0.0723755 0.0342292
0 0.565829 0.600423 0.0931227 0.0488985
0 0.432221 0.346574 0.132352 0.0884091
0 0.116987 0.38718 0.0661088 0.026489
0 0.653897 0.210435 0.0365533 0.0595554
0 0.541676 0.311168 0.0720699 0.0553399
0 0.0479123 0.433488 0.0909266 0.0441126
0 0.599441 0.32704 0.0317103 0.0341397
0 0.0462545 0.441187 0.0773155 0.0433285
0 0.263166 0.423713 0.0495775 0.0453333
0 0.668292 0.264396 0.0668335 0.106718
0 0.655962 0.223051 0.0476086 0.088085
0 0.427225 0.351156 0.157846 0.106132
0 0.326182 0.386377 0.0665424 0.113463
0 0.307599 0.384332 0.101473 0.118226
0 0.319753 0.377544 0.0922217 0.10936
0 0.658914 0.238447 0.0542243 0.110468
0 0.680625 0.277642 0.0404594 0.0744698
