0 0.845121 0.443765 0.0566795 0.0374048
0 0.725241 0.498288 0.0690863 0.0463149
0 0.313831 0.420568 0.0521178 0.0353837
0 0.976246 0.874568 0.0475081 0.0390174
0 0.497902 0.614402 0.0720948 0.0361437
0 0.458764 0.37429 0.112477 0.0688609
0 0.732289 0.201946 0.0652645 0.0679646
0 0.723773 0.185641 0.0483928 0.0569653
0 0.732224 0.211062 0.0638647 0.0431987
0 0.575813 0.312652 0.224141 0.093918
0 0.627799 0.289513 0.190922 0.0827544
0 0.363568 0.371994 0.0344461 0.0553493
0 0.599829 0.303811 0.231415 0.102194
