0 0.860788 0.837853 0.0554233 0.033576
0 0.513598 0.324832 0.114322 0.0646484
0 0.260433 0.448983 0.126592 0.0958726
0 0.38624 0.634266 0.0376506 0.036218
0 0.442585 0.568258 0.0752395 0.0402324
0 0.65343 0.23221 0.0336956 0.0467078
0 0.0421911 0.448271 0.0573638 0.0242575
0 0.539324 0.586258 0.0577452 0.019765
0 0.361057 0.375979 0.0470955 0.0907518
0 0.568508 0.265335 0.0345945 0.02802
0 0.0252018 0.381353 0.0371454 0.0252063
0 0.368048 0.327172 0.0323753 0.0384653
0 0.708767 0.173598 0.0256265 0.0362476
