0 0.483583 0.260106 0.060522 0.0570297
0 0.538998 0.587805 0.0829972 0.0440484
0 0.271389 0.403022 0.0476003 0.0620134
0 0.682235 0.274966 0.0787179 0.111967
0 0.49469 0.350752 0.0926105 0.0694536
0 0.424821 0.357119 0.14249 0.115754
0 0.323287 0.391513 0.0439982 0.0542073
0 0.586525 0.346843 0.0708497 0.0303013
0 0.423409 0.344556 0.129436 0.0877398
0 0.0659623 0.503824 0.0729876 0.0259036
0 0.475639 0.352078 0.132796 0.0702281
0 0.588136 0.340727 0.0733129 0.0426229
0 0.501202 0.63145 0.106979 0.0223827
0 0.395477 0.369769 0.0764962 0.0856362
0 0.128273 0.456423 0.0342598 0.0282342
0 0.401839 0.359392 0.13043 0.134415
