0 0.472434 0.586499 0.0743946 0.0272205
0 0.311759 0.417218 0.0468912 0.0243686
0 0.356248 0.386283 0.0340545 0.0708917
0 0.536107 0.311157 0.0783057 0.0670753
0 0.593919 0.288335 0.0610597 0.0656902
0 0.31405 0.412901 0.0585587 0.0321731
0 0.559616 0.302501 0.134201 0.0981682
0 0.545775 0.309768 0.102001 0.0810141
0 0.48238 0.355642 0.115108 0.042248
0 0.382809 0.337586 0.0297005 0.0253121
0 0.570526 0.293097 0.109929 0.0888614
0 0.331031 0.392188 0.0845724 0.0814376
0 0.471621 0.359455 0.102843 0.0381458
0 0.367035 0.376786 0.03912 0.0893852
0 0.69117 0.187437 0.0451748 0.0391923
