0 0.178168 0.327859 0.0770111 0.0455472
0 0.81294 0.464008 0.128709 0.0788299
0 0.236857 0.465013 0.090614 0.0729907
0 0.659221 0.212792 0.0861382 0.0805539
0 0.528246 0.211431 0.144686 0.0376705
0 0.409387 0.393354 0.0882225 0.0237284
0 0.368767 0.349972 0.061289 0.0857534
0 0.544404 0.303021 0.066396 0.0315746
0 0.0687878 0.483459 0.0417723 0.0227002
0 0.534238 0.305602 0.0908467 0.0363275
0 0.296885 0.40855 0.0459995 0.0355724
0 0.63712 0.302327 0.0310891 0.02654
0 0.357741 0.342319 0.0381536 0.0783702
