0 0.314731 0.653131 0.0730292 0.0737958
0 0.504302 0.291054 0.0340312 0.023482
0 0.262757 0.4098 0.0355453 0.0439292
0 0.327738 0.388741 0.0456989 0.0496807
0 0.422561 0.621975 0.0620015 0.0705135
0 0.441431 0.361844 0.161851 0.0988981
0 0.815051 0.438893 0.0601778 0.0331041
0 0.0514806 0.403986 0.102961 0.0358796
0 0.0794756 0.387265 0.158951 0.0208
0 0.0711042 0.402922 0.142208 0.0393392
0 0.114396 0.386025 0.0861461 0.0178871
0 0.0719145 0.454236 0.0481031 0.016658
0 0.45287 0.360733 0.123243 0.0800751
0 0.486301 0.573983 0.0397645 0.0183413
0 0.418923 0.368457 0.113976 0.0944838
0 0.540618 0.333668 0.0317271 0.0270047
