0 0.19193 0.326047 0.0760826 0.0558296
0 0.626531 0.595007 0.0926137 0.0627553
0 0.643204 0.291569 0.0812232 0.0393615
0 0.797723 0.852244 0.0768769 0.0421522
0 0.0845092 0.485167 0.0543836 0.0494862
0 0.0973702 0.422029 0.0863038 0.0239447
0 0.74061 0.526348 0.0840365 0.0585316
0 0.843701 0.502394 0.0673323 0.0363881
0 0.816856 0.478484 0.0905492 0.03511
0 0.306431 0.383814 0.10775 0.0768511
0 0.461264 0.371529 0.212541 0.109789
0 0.832407 0.495254 0.0886619 0.0473519
0 0.265282 0.405803 0.0380829 0.0626019
0 0.825004 0.488017 0.100013 0.0455304
0 0.508033 0.648006 0.0224636 0.0299096
0 0.476828 0.365121 0.159248 0.0600196
