0 0.880258 0.441196 0.062102 0.036602
0 0.057073 0.39117 0.0779234 0.0404961
0 0.507852 0.613606 0.0593499 0.0297973
0 0.719225 0.500254 0.0849578 0.058305
0 0.702899 0.220653 0.0650253 0.0562222
0 0.545022 0.303016 0.205123 0.119755
0 0.601483 0.200346 0.0944695 0.0310225
0 0.562099 0.286799 0.161287 0.0993763
0 0.512737 0.325269 0.220717 0.122272
0 0.437432 0.255864 0.0370191 0.0421298
0 0.293449 0.429815 0.030746 0.0203162
0 0.0795589 0.489982 0.0245633 0.0273561
0 0.327908 0.422744 0.0251798 0.0191628
0 0.356401 0.337859 0.023592 0.0263149
