0 0.613069 0.233217 0.0491383 0.0450751
0 0.514685 0.239654 0.0498904 0.0320721
0 0.0852764 0.510529 0.107907 0.0531475
0 0.541982 0.546732 0.0703235 0.0206826
0 0.593753 0.298218 0.0579035 0.0360692
0 0.170854 0.34786 0.0606331 0.0357349
0 0.29362 0.420667 0.040666 0.0306849
0 0.430852 0.376107 0.0607281 0.0397663
0 0.482521 0.599119 0.0541493 0.0253835
0 0.798235 0.491928 0.0762739 0.0242889
0 0.0478077 0.408562 0.0708337 0.0346894
0 0.358423 0.372302 0.0425311 0.0874139
0 0.353112 0.377358 0.0395249 0.0812549
0 0.368161 0.334576 0.0345765 0.0509785
