0 0.0544283 0.396784 0.0623321 0.034871
0 0.710679 0.500521 0.0735273 0.0364034
0 0.639703 0.21068 0.103338 0.0855291
0 0.45835 0.606224 0.0258985 0.0432814
0 0.43665 0.353858 0.134841 0.088817
0 0.281683 0.411247 0.0524794 0.0741144
0 0.542038 0.252606 0.0712452 0.0463187
0 0.8619 0.435246 0.0591429 0.0407413
0 0.565266 0.330588 0.110722 0.0886178
0 0.820301 0.467586 0.0826313 0.0456944
0 0.328923 0.393988 0.0459315 0.0602458
0 0.829376 0.462394 0.0924771 0.0624408
0 0.848331 0.443534 0.0892344 0.0627382
0 0.837648 0.451693 0.109067 0.0848238
0 0.301099 0.409453 0.0965685 0.0856682
