0 0.802272 0.421119 0.0449166 0.0329444
0 0.760638 0.478546 0.0640844 0.0432745
0 0.775397 0.807702 0.0923163 0.0303333
0 0.413443 0.355852 0.148985 0.0875642
0 0.0225998 0.431415 0.0451995 0.0277212
0 0.145218 0.481704 0.056305 0.0257264
0 0.100773 0.353427 0.0356366 0.0238469
0 0.81444 0.51353 0.0540535 0.0305423
0 0.532301 0.306496 0.110366 0.0577999
0 0.537703 0.546502 0.111259 0.0243893
0 0.681222 0.212761 0.123941 0.111506
0 0.277788 0.410809 0.0415145 0.0248677
0 0.433936 0.544075 0.0622391 0.028226
0 0.563609 0.577386 0.109627 0.0247395
0 0.53445 0.297897 0.147697 0.0797222
0 0.689949 0.19566 0.109737 0.0801704
0 0.578581 0.278885 0.0527055 0.0440284
0 0.544574 0.567065 0.133122 0.0452899
0 0.410052 0.372647 0.151683 0.0559065
