0 0.0729068 0.420554 0.0881304 0.0464021
0 0.778113 0.50224 0.0888598 0.0337056
0 0.716962 0.207443 0.0813503 0.0817927
0 0.42482 0.643283 0.0537703 0.0303841
0 0.512082 0.27006 0.0448368 0.0315198
0 0.461171 0.275281 0.057209 0.0328306
0 0.266985 0.402843 0.0418424 0.0626861
0 0.562252 0.591689 0.0978239 0.0329437
0 0.35765 0.30765 0.0861714 0.0498337
0 0.326725 0.630831 0.0681142 0.0432287
0 0.49788 0.357643 0.115736 0.0561882
0 0.480692 0.274257 0.0992666 0.0381121
0 0.397312 0.389684 0.195472 0.0730182
0 0.403879 0.369391 0.193522 0.11948
0 0.458613 0.363682 0.201664 0.0574346
0 0.493833 0.319416 0.100397 0.040093
0 0.158307 0.338537 0.0406926 0.0385103
