0 0.0856331 0.395097 0.0576733 0.0242484
0 0.870989 0.466317 0.0919076 0.0952358
0 0.0653132 0.443129 0.080027 0.038895
0 0.462905 0.333449 0.109485 0.106478
0 0.591596 0.21802 0.0345333 0.0333126
0 0.281029 0.425723 0.0454046 0.0339309
0 0.344055 0.380134 0.0562241 0.103068
0 0.0673041 0.424097 0.0823194 0.0447577
0 0.545081 0.265357 0.0491091 0.0328891
0 0.578187 0.279663 0.0373237 0.0515639
0 0.461476 0.240942 0.0251778 0.0302479
0 0.466815 0.346423 0.105742 0.0788887
0 0.280214 0.420343 0.0537882 0.0443668
