0 0.781191 0.442864 0.0745163 0.0370829
0 0.455535 0.579672 0.0725493 0.0493066
0 0.0813149 0.495692 0.0478052 0.0608581
0 0.549892 0.307165 0.141512 0.0892172
0 0.676356 0.282408 0.0713587 0.0910001
0 0.019765 0.426216 0.0391799 0.0289739
0 0.807737 0.512495 0.028795 0.0359967
0 0.431178 0.321054 0.0586737 0.0395967
0 0.328651 0.380615 0.171818 0.097647
0 0.0144641 0.3837 0.0289282 0.030821
0 0.642212 0.153556 0.0343484 0.0363315
0 0.55059 0.292868 0.140134 0.0682857
0 0.328865 0.360614 0.164322 0.1302
0 0.0231286 0.450517 0.0407348 0.0400707
0 0.345309 0.342907 0.0561887 0.0868866
0 0.322587 0.391016 0.151352 0.0782301
