0 0.760838 0.434232 0.0456854 0.034584
0 0.20623 0.334947 0.0604191 0.04366
0 0.535754 0.617051 0.102092 0.0359938
0 0.0575539 0.442561 0.0809495 0.0367074
0 0.675839 0.214615 0.0530182 0.0508164
0 0.432338 0.345416 0.129465 0.0902927
0 0.598118 0.327932 0.0336535 0.0429552
0 0.105389 0.382526 0.0450361 0.0201815
0 0.542226 0.305265 0.0707192 0.0398152
0 0.0400007 0.493985 0.0688083 0.0289334
0 0.260007 0.427591 0.0514058 0.0441263
0 0.659918 0.215963 0.0485809 0.0539296
0 0.791452 0.149587 0.0276482 0.0413347
0 0.335586 0.383924 0.0844969 0.10585
0 0.347108 0.380005 0.102244 0.120284
0 0.323644 0.387385 0.117966 0.119361
0 0.419175 0.35376 0.165519 0.107059
