0 0.964501 0.735331 0.0377334 0.027952
0 0.0268455 0.434452 0.0536911 0.045946
0 0.792008 0.483468 0.0729214 0.0557634
0 0.178951 0.344374 0.0767465 0.0398198
0 0.511756 0.54494 0.0922035 0.0260611
0 0.41485 0.611512 0.0376517 0.0272026
0 0.671389 0.244668 0.0915666 0.0441107
0 0.524498 0.31715 0.115977 0.0690787
0 0.496783 0.326087 0.183104 0.0715765
0 0.37257 0.360777 0.0728294 0.106533
0 0.481354 0.336333 0.206943 0.10057
0 0.53284 0.580689 0.0455225 0.0191684
0 0.44822 0.345294 0.136047 0.0843539
0 0.363361 0.364764 0.0539993 0.0889754
0 0.441205 0.355999 0.163267 0.0866551
0 0.189773 0.474558 0.0512237 0.031263
0 0.548605 0.254246 0.0340794 0.0333552
0 0.447768 0.335381 0.164224 0.0979153
0 0.673567 0.251927 0.105083 0.0609351
0 0.365004 0.241696 0.0248052 0.0184752
0 0.569693 0.299828 0.104578 0.060535
