0 0.840356 0.484469 0.0487252 0.0408809
0 0.0772995 0.395491 0.0953413 0.0263649
0 0.580805 0.233123 0.0313888 0.0384328
0 0.459208 0.628288 0.107334 0.0373682
0 0.755225 0.516422 0.0857408 0.0341181
0 0.0528653 0.492596 0.0509352 0.0210047
0 0.498605 0.331504 0.200415 0.0962352
0 0.637099 0.586147 0.0668944 0.0396676
0 0.450898 0.269727 0.0961664 0.034063
0 0.484151 0.56849 0.0704056 0.0238476
0 0.0118903 0.444085 0.0237807 0.0334827
0 0.299723 0.411362 0.058495 0.0481949
0 0.360792 0.382645 0.104492 0.103761
0 0.393952 0.381406 0.161834 0.108061
0 0.334313 0.382781 0.13007 0.112011
0 0.479748 0.574346 0.0802922 0.0246477
0 0.694852 0.1953 0.029104 0.0246494
