0 0.703266 0.586725 0.079248 0.0419058
0 0.414106 0.651502 0.0508161 0.0274887
0 0.0813735 0.400834 0.0586601 0.0248003
0 0.84748 0.455006 0.0542076 0.0290189
0 0.603401 0.534848 0.0722535 0.0576739
0 0.285381 0.429625 0.053677 0.030775
0 0.403079 0.5701 0.0828595 0.0652966
0 0.708101 0.482155 0.0392756 0.0348015
0 0.636255 0.289161 0.037612 0.0259936
0 0.49624 0.294543 0.151824 0.122595
0 0.396272 0.391563 0.139018 0.0715685
0 0.50962 0.551451 0.0874083 0.02266
0 0.516163 0.314445 0.202392 0.0966779
0 0.553389 0.583322 0.100803 0.0221052
0 0.54791 0.640725 0.0632117 0.0144839
0 0.50666 0.269166 0.0785538 0.0641965
0 0.7797 0.467962 0.0600673 0.0381559
0 0.488528 0.310404 0.133986 0.0839184
0 0.498714 0.280451 0.0952087 0.088614
0 0.56256 0.581454 0.118936 0.0356913
0 0.542394 0.575811 0.13201 0.0347469
