0 0.218455 0.310388 0.0622133 0.0336729
0 0.372919 0.593872 0.0602332 0.0746417
0 0.0352079 0.391516 0.0504091 0.0281756
0 0.233586 0.481776 0.0624923 0.02671
0 0.25848 0.425631 0.0473439 0.0396985
0 0.0161936 0.496226 0.0323873 0.0269816
0 0.602491 0.286654 0.0743909 0.0752607
0 0.408491 0.359408 0.160573 0.115646
0 0.56348 0.532944 0.0586243 0.0298684
0 0.420652 0.356536 0.122458 0.103886
0 0.483173 0.298258 0.0607555 0.0560582
0 0.646469 0.323586 0.0550023 0.0537679
0 0.326246 0.365307 0.0702406 0.122341
0 0.611516 0.298109 0.104518 0.101433
0 0.32533 0.372173 0.0555223 0.0959696
0 0.503587 0.33104 0.103127 0.0720675
