0 0.365786 0.626498 0.0548767 0.0636714
0 0.687229 0.204949 0.0459845 0.0619253
0 0.75023 0.465104 0.0681248 0.0798027
0 0.491936 0.240494 0.103944 0.021022
0 0.539182 0.562273 0.114068 0.0444031
0 0.360777 0.385816 0.0485179 0.078392
0 0.857745 0.371137 0.0281041 0.028602
0 0.605311 0.285223 0.126196 0.0636142
0 0.292476 0.423945 0.0381437 0.023809
0 0.575432 0.275614 0.109045 0.0351643
0 0.634486 0.528659 0.0503403 0.0315998
0 0.812402 0.453547 0.0484238 0.0497284
0 0.806285 0.462185 0.0603607 0.0727677
0 0.544999 0.307957 0.131779 0.0538256
0 0.527 0.271341 0.184568 0.0415673
0 0.37626 0.323149 0.0319617 0.0288828
0 0.558082 0.299728 0.129758 0.0494512
0 0.578215 0.293494 0.163253 0.0575519
