0 0.370364 0.606455 0.0459675 0.0341893
0 0.63774 0.208703 0.104033 0.0911266
0 0.819036 0.381323 0.0517356 0.0465881
0 0.356553 0.361169 0.0457354 0.10417
0 0.480102 0.526159 0.0999172 0.0326414
0 0.528664 0.281136 0.103157 0.0922148
0 0.447991 0.612761 0.0436184 0.0233903
0 0.792386 0.43364 0.0408885 0.0367554
0 0.351451 0.232367 0.0635328 0.0311518
0 0.28162 0.412503 0.0369394 0.0230153
0 0.516685 0.263669 0.0918918 0.0694966
0 0.495338 0.541838 0.09268 0.0287366
0 0.355868 0.368459 0.0389516 0.0832283
0 0.486529 0.530975 0.110959 0.0416512
0 0.644399 0.202519 0.0746183 0.0793011
