0 0.64305 0.56681 0.102881 0.0727262
0 0.742939 0.482688 0.0806005 0.0355669
0 0.0864847 0.397623 0.0938283 0.0353119
0 0.269081 0.415541 0.0412364 0.0457165
0 0.353854 0.376041 0.0785115 0.101547
0 0.176521 0.356201 0.0431111 0.0261409
0 0.503999 0.331605 0.222561 0.101453
0 0.554918 0.346351 0.106418 0.050686
0 0.505204 0.318092 0.206924 0.077148
0 0.529977 0.343098 0.159112 0.0603449
0 0.5033 0.350028 0.195838 0.120241
0 0.553826 0.283435 0.11195 0.0689901
0 0.345161 0.360563 0.0535536 0.0723426
0 0.474229 0.347428 0.145154 0.108558
0 0.355713 0.394908 0.0793289 0.0657996
0 0.27543 0.28356 0.0411111 0.0290451
