0 0.843329 0.481529 0.0768058 0.056785
0 0.511673 0.547519 0.0524483 0.0202954
0 0.0263741 0.404292 0.0474024 0.0645741
0 0.695309 0.501151 0.0634352 0.0600311
0 0.690682 0.279981 0.083849 0.102155
0 0.793084 0.817102 0.0477171 0.028897
0 0.518782 0.312828 0.225215 0.135878
0 0.329005 0.368988 0.038956 0.0437235
0 0.482447 0.281204 0.205685 0.0979238
0 0.472394 0.276068 0.164601 0.0850345
0 0.477499 0.35869 0.167341 0.112607
0 0.016642 0.462459 0.0287991 0.0284481
0 0.323696 0.371682 0.0362641 0.0460119
