0 0.743978 0.207744 0.0822566 0.0658919
0 0.311826 0.642863 0.0625327 0.053427
0 0.753521 0.450195 0.0858823 0.0512455
0 0.688923 0.516886 0.143453 0.049324
0 0.514467 0.325591 0.102176 0.0324824
0 0.508141 0.268763 0.0377284 0.0330763
0 0.289227 0.420969 0.0368863 0.0206713
0 0.187367 0.513318 0.0681373 0.0366938
0 0.357794 0.373537 0.0500004 0.0920231
0 0.628052 0.227425 0.030582 0.0310648
0 0.866051 0.386902 0.0277933 0.0185505
0 0.366241 0.329299 0.0326635 0.0463083
0 0.556453 0.569556 0.0715188 0.0194447
