0 0.492765 0.612356 0.184527 0.0508369
0 0.957998 0.771937 0.0535343 0.0296583
0 0.750876 0.475749 0.142876 0.0714397
0 0.328188 0.26008 0.0337144 0.0272641
0 0.544268 0.306747 0.122435 0.0834241
0 0.341392 0.39112 0.0889387 0.0889236
0 0.0812584 0.379528 0.074339 0.0269555
0 0.635653 0.212094 0.0578409 0.0394604
0 0.125159 0.364832 0.0971263 0.0313374
0 0.330773 0.412954 0.0729132 0.0446428
0 0.325062 0.417214 0.0625209 0.0383904
0 0.360247 0.382208 0.053363 0.0828009
0 0.383441 0.334167 0.0245341 0.019106
