0 0.0944155 0.473741 0.0505359 0.0273105
0 0.83195 0.451976 0.098201 0.0753874
0 0.670411 0.203578 0.103302 0.102792
0 0.502361 0.561054 0.150857 0.0622914
0 0.367436 0.383359 0.215398 0.111791
0 0.563269 0.303207 0.039423 0.0196281
0 0.567284 0.522774 0.0754566 0.0278771
0 0.508169 0.55438 0.171996 0.0813174
0 0.649735 0.263295 0.0393045 0.036422
0 0.556257 0.303904 0.0518019 0.020077
0 0.464957 0.374368 0.210954 0.089131
0 0.812842 0.456604 0.157841 0.0885118
0 0.534102 0.526851 0.14004 0.0363977
0 0.513991 0.307321 0.041784 0.0256873
