0 0.652526 0.574677 0.0858854 0.0581452
0 0.14332 0.514589 0.0727057 0.0214801
0 0.685936 0.16648 0.0716085 0.0653701
0 0.264066 0.419106 0.0472767 0.0538747
0 0.727144 0.215839 0.0614202 0.0758646
0 0.533484 0.594138 0.095808 0.0363437
0 0.532858 0.303489 0.0626533 0.0582993
0 0.410444 0.370272 0.111148 0.100738
0 0.530318 0.310406 0.0507778 0.0442655
0 0.495039 0.591218 0.0648444 0.0294778
0 0.542702 0.592063 0.0805798 0.044415
0 0.843134 0.505207 0.0328003 0.0341385
0 0.319053 0.394091 0.0499218 0.0550387
0 0.296451 0.43785 0.0294625 0.0461259
0 0.385976 0.374706 0.155315 0.12375
0 0.708288 0.191918 0.0976278 0.118834
0 0.416282 0.370246 0.0958244 0.0785588
0 0.0563115 0.442641 0.0839122 0.0237739
