0 0.669481 0.57057 0.0432832 0.0553796
0 0.561725 0.5763 0.0744977 0.0257866
0 0.713398 0.915146 0.0738852 0.0228093
0 0.254434 0.308775 0.0503353 0.0498887
0 0.0507887 0.476274 0.0576096 0.0221295
0 0.702166 0.220226 0.0735822 0.0703549
0 0.62704 0.23305 0.0649425 0.0759489
0 0.822954 0.423649 0.0396993 0.0306076
0 0.491617 0.326683 0.19457 0.0930898
0 0.235943 0.373137 0.0789874 0.0584469
0 0.308224 0.386146 0.140821 0.105793
0 0.848251 0.443522 0.0380561 0.0287572
0 0.454066 0.256363 0.109108 0.0456267
0 0.530688 0.256587 0.0405867 0.0397164
0 0.257082 0.380216 0.11956 0.0839963
0 0.512931 0.334362 0.169345 0.0728023
0 0.318378 0.397022 0.126478 0.0911953
