0 0.0738825 0.422712 0.0796249 0.0613904
0 0.51601 0.62027 0.175094 0.0554616
0 0.648661 0.316439 0.0764244 0.0647988
0 0.668939 0.540604 0.0808694 0.0553908
0 0.623377 0.259796 0.037056 0.0482117
0 0.489374 0.353429 0.111196 0.073774
0 0.272001 0.405587 0.0501837 0.0659165
0 0.748106 0.541775 0.0438983 0.0258833
0 0.390666 0.386178 0.0794473 0.0461129
0 0.647166 0.31073 0.0815771 0.0868623
0 0.814386 0.501265 0.0473912 0.0337332
0 0.376095 0.360112 0.066037 0.0757416
0 0.747608 0.541655 0.0478809 0.0339806
0 0.385127 0.361636 0.0869417 0.0886784
0 0.321464 0.392162 0.0412669 0.05521
0 0.40414 0.589008 0.0558527 0.0248141
0 0.28901 0.441931 0.0309629 0.0395366
0 0.393431 0.372857 0.0964819 0.0833809
