0 0.0740192 0.38226 0.0714692 0.0267477
0 0.705202 0.235304 0.044908 0.031777
0 0.833975 0.4702 0.0529888 0.0319216
0 0.727396 0.470853 0.0487943 0.0426832
0 0.0232403 0.487315 0.0429259 0.0249314
0 0.495718 0.567823 0.0993834 0.0270995
0 0.0705514 0.439272 0.0742735 0.0391221
0 0.653383 0.293189 0.0893523 0.06314
0 0.342775 0.386229 0.0530695 0.0839977
0 0.514729 0.308139 0.198193 0.13759
0 0.524346 0.28833 0.160986 0.103256
0 0.487686 0.321001 0.153283 0.122061
0 0.530791 0.28104 0.127414 0.0906285
0 0.284874 0.42864 0.0384169 0.027299
