0 0.678134 0.239047 0.0804735 0.0532812
0 0.312015 0.257163 0.0848513 0.0522834
0 0.0562913 0.449032 0.0586653 0.0270121
0 0.533836 0.328625 0.0853684 0.0635711
0 0.70497 0.514246 0.070666 0.0353814
0 0.835205 0.402662 0.038491 0.0296419
0 0.584025 0.540024 0.0599988 0.0241213
0 0.741378 0.418718 0.0546345 0.0350925
0 0.778976 0.456244 0.0597147 0.0377073
0 0.510841 0.571708 0.0611618 0.0170546
0 0.358609 0.36604 0.210988 0.135235
0 0.590951 0.518571 0.0642587 0.0294113
0 0.417154 0.567467 0.0542058 0.0260992
0 0.555713 0.308341 0.0838112 0.0823523
0 0.583069 0.514834 0.0563327 0.0248303
0 0.340206 0.384519 0.181742 0.109275
0 0.384744 0.350746 0.118221 0.0818814
0 0.35616 0.366014 0.177945 0.108115
0 0.407007 0.347222 0.0682831 0.0609154
