0 0.572881 0.58399 0.0637605 0.0372801
0 0.0311054 0.483801 0.0622108 0.0272291
0 0.688597 0.294186 0.0723948 0.0550081
0 0.802764 0.524165 0.0803673 0.0551186
0 0.711079 0.196583 0.0435104 0.0605228
0 0.271852 0.45818 0.0873259 0.0804893
0 0.57405 0.235721 0.179674 0.107288
0 0.678452 0.196534 0.109492 0.0745071
0 0.102054 0.427007 0.0407487 0.0343058
0 0.43579 0.349097 0.178886 0.12193
0 0.305977 0.394587 0.114827 0.140081
0 0.408474 0.357908 0.197698 0.123469
0 0.320652 0.37899 0.0897286 0.106367
0 0.278448 0.443882 0.0980786 0.114584
0 0.578212 0.22572 0.141394 0.0838421
0 0.682 0.294518 0.0879555 0.0660343
