0 0.614556 0.358604 0.0916404 0.0439357
0 0.775223 0.43472 0.071275 0.048382
0 0.66604 0.286092 0.0582631 0.0521056
0 0.598184 0.268054 0.0551903 0.040781
0 0.720382 0.534929 0.0596631 0.042423
0 0.848915 0.823019 0.0381345 0.0277588
0 0.59462 0.555689 0.112818 0.0865768
0 0.759362 0.4977 0.038708 0.0396609
0 0.586751 0.566837 0.128589 0.106337
0 0.438542 0.348458 0.221475 0.104656
0 0.106976 0.376626 0.0584401 0.0314771
0 0.292958 0.396286 0.0811428 0.109285
0 0.547325 0.600212 0.206754 0.0752811
0 0.613945 0.353581 0.101269 0.0580332
0 0.0724752 0.432346 0.0428779 0.0261592
0 0.541984 0.614492 0.170468 0.0513445
0 0.254783 0.422391 0.0489959 0.0552663
0 0.757249 0.506206 0.0474119 0.0550452
0 0.593689 0.542007 0.109972 0.0590494
0 0.277953 0.406277 0.101823 0.0868931
