0 0.538927 0.548231 0.0443506 0.0240159
0 0.672825 0.477444 0.0831563 0.0421301
0 0.66957 0.223672 0.0532478 0.0712158
0 0.207886 0.498601 0.0719066 0.0488563
0 0.603922 0.212897 0.0578957 0.0510406
0 0.548737 0.572877 0.0549238 0.0205498
0 0.359592 0.380791 0.0438968 0.0817353
0 0.0121544 0.416437 0.0243089 0.0294982
0 0.293838 0.422652 0.0356501 0.0283979
0 0.539581 0.306734 0.137842 0.113351
0 0.544426 0.291927 0.126416 0.0913298
0 0.444417 0.368891 0.0535221 0.0575361
0 0.370498 0.330137 0.0307842 0.0378243
