0 0.0204011 0.401421 0.0408022 0.0274079
0 0.589383 0.232766 0.0753398 0.0432669
0 0.653916 0.179453 0.0686324 0.0512435
0 0.605093 0.277023 0.0766296 0.061793
0 0.360847 0.363972 0.0509928 0.108974
0 0.589285 0.236052 0.0820794 0.0580917
0 0.598631 0.270605 0.0890315 0.0846282
0 0.513046 0.229602 0.0503502 0.0339805
0 0.470832 0.322602 0.0593792 0.042895
0 0.477453 0.31937 0.0741581 0.0527861
0 0.293903 0.409141 0.04873 0.0302706
0 0.664387 0.198493 0.0666077 0.0705405
0 0.361535 0.352131 0.0403535 0.0902637
0 0.352864 0.578022 0.0415866 0.0414879
