0 0.0263866 0.415909 0.0527731 0.03856
0 0.670568 0.195629 0.0733505 0.0749525
0 0.497706 0.309861 0.125002 0.0759049
0 0.0291356 0.497545 0.049005 0.0364029
0 0.545403 0.563414 0.129346 0.0736923
0 0.325801 0.410777 0.147406 0.0979407
0 0.791962 0.467249 0.0888348 0.0735766
0 0.607804 0.269716 0.0892539 0.0466983
0 0.80782 0.470531 0.125937 0.0714372
0 0.0277901 0.458909 0.046566 0.029537
0 0.0302097 0.460288 0.0560867 0.0359854
0 0.81234 0.462743 0.113107 0.0379688
0 0.323199 0.427575 0.137733 0.0768819
0 0.347588 0.384793 0.0604563 0.0700439
0 0.597723 0.589705 0.0969751 0.0366405
0 0.464973 0.366122 0.0417274 0.0305359
