0 0.500253 0.31874 0.111529 0.0802124
0 0.306478 0.402788 0.0990583 0.0942716
0 0.678009 0.216814 0.0464015 0.0510824
0 0.828201 0.451409 0.100116 0.0819686
0 0.545795 0.542374 0.0922337 0.032614
0 0.57461 0.596575 0.191894 0.0600801
0 0.0210222 0.479035 0.0414103 0.0300257
0 0.659946 0.552842 0.0622087 0.025455
0 0.0233487 0.448837 0.0466973 0.0298145
0 0.727693 0.573343 0.0546725 0.0324569
0 0.302092 0.412968 0.0910845 0.0715119
0 0.715571 0.573384 0.0804563 0.0379972
0 0.557534 0.589247 0.140361 0.0841671
