0 0.629969 0.576166 0.131737 0.0634154
0 0.804438 0.446047 0.045036 0.0481671
0 0.693084 0.25469 0.0665067 0.0645167
0 0.103789 0.399949 0.106786 0.0442574
0 0.0200008 0.478844 0.0400016 0.0204626
0 0.271321 0.40445 0.0453101 0.0627072
0 0.440428 0.610018 0.104514 0.0412087
0 0.491471 0.352557 0.0998033 0.0689189
0 0.390077 0.387237 0.0779015 0.0516219
0 0.697427 0.503685 0.0395596 0.0332656
0 0.37568 0.357331 0.0647106 0.0865868
0 0.361286 0.350698 0.0361667 0.074715
0 0.323869 0.392595 0.0408911 0.056286
0 0.383106 0.358931 0.0823672 0.10057
