0 0.372369 0.59326 0.0705358 0.0771887
0 0.655926 0.303459 0.0721695 0.0580046
0 0.567978 0.394447 0.102378 0.0402803
0 0.763989 0.219758 0.0579782 0.0415045
0 0.258757 0.425508 0.0469464 0.0407404
0 0.754017 0.219215 0.0767903 0.0520246
0 0.569947 0.253889 0.022995 0.0538036
0 0.0156051 0.495056 0.0312102 0.0244418
0 0.739932 0.209463 0.0715623 0.0423546
0 0.396517 0.351295 0.190534 0.109185
0 0.520416 0.333313 0.118974 0.0605822
0 0.418404 0.347663 0.129475 0.0915574
0 0.508155 0.338933 0.152911 0.0656924
