0 0.198684 0.502739 0.0936342 0.0461127
0 0.688254 0.522004 0.0908067 0.0361431
0 0.354804 0.609629 0.0695964 0.0554162
0 0.517802 0.316424 0.0896962 0.0433559
0 0.027825 0.388833 0.0528164 0.0327007
0 0.668101 0.201317 0.0540221 0.0639403
0 0.0285369 0.447382 0.0552927 0.0288544
0 0.515575 0.274375 0.0452771 0.0254211
0 0.362599 0.377794 0.0528657 0.0891877
0 0.292591 0.424088 0.0381547 0.0230362
0 0.43914 0.223175 0.0937731 0.0256073
0 0.531862 0.308208 0.12081 0.0504382
0 0.37441 0.332086 0.0380113 0.0458714
0 0.371505 0.348592 0.0406123 0.07504
