0 0.447767 0.581113 0.0911738 0.0373611
0 0.0799777 0.400203 0.0662241 0.0297166
0 0.96589 0.828721 0.0361028 0.0245759
0 0.554931 0.282079 0.117665 0.0511773
0 0.261432 0.415724 0.0393985 0.0508528
0 0.0437589 0.445795 0.0875177 0.0328537
0 0.320379 0.392864 0.0443895 0.0523743
0 0.766548 0.510577 0.210297 0.122208
0 0.431119 0.35475 0.0652907 0.0699276
0 0.401711 0.35635 0.0766219 0.0897532
0 0.395144 0.362142 0.060981 0.0757844
0 0.298041 0.443661 0.0289074 0.035038
0 0.414152 0.356019 0.10063 0.0809816
0 0.797888 0.491468 0.190207 0.0794003
0 0.263672 0.414096 0.0501795 0.0616481
0 0.686049 0.21949 0.0357537 0.036628
