0 0.42157 0.584561 0.0465382 0.0389156
0 0.023493 0.421491 0.046986 0.0379159
0 0.264844 0.430418 0.0836334 0.0752974
0 0.551956 0.306637 0.095273 0.0619348
0 0.786398 0.420942 0.0789452 0.0399907
0 0.717671 0.46315 0.0727055 0.0584053
0 0.383239 0.360513 0.143208 0.0826437
0 0.720415 0.175511 0.0456765 0.0277303
0 0.432618 0.326776 0.0795412 0.0391939
0 0.677594 0.517908 0.0936975 0.0386405
0 0.664173 0.221648 0.0592875 0.0648133
0 0.565835 0.201395 0.127122 0.0757024
0 0.483528 0.2672 0.0416155 0.0357533
0 0.349358 0.370022 0.102844 0.102085
0 0.646688 0.559371 0.0848876 0.0424473
0 0.655653 0.554494 0.104548 0.0490316
0 0.561004 0.296444 0.139027 0.0906998
0 0.420366 0.344786 0.0899491 0.0751715
0 0.564079 0.213969 0.13943 0.107263
