0 0.336101 0.608159 0.0537975 0.0486745
0 0.738066 0.493913 0.0806415 0.0385181
0 0.518922 0.580075 0.121553 0.0356739
0 0.595932 0.207687 0.0673286 0.0453661
0 0.669713 0.297066 0.0754995 0.0773136
0 0.507828 0.271531 0.0342652 0.0302066
0 0.521171 0.327222 0.116093 0.0365007
0 0.290139 0.42155 0.0360831 0.0195817
0 0.642324 0.541341 0.0671203 0.0197437
0 0.626014 0.227473 0.0399717 0.0330572
0 0.359645 0.372613 0.0491432 0.0888065
0 0.782378 0.440433 0.0408555 0.0319829
0 0.4084 0.393129 0.0515081 0.0405824
0 0.367636 0.329737 0.0316004 0.0444245
0 0.19824 0.339322 0.0482688 0.023859
