0 0.718593 0.496782 0.0635324 0.0563805
0 0.630499 0.217469 0.0812633 0.0563726
0 0.463131 0.556829 0.0652279 0.0284777
0 0.521728 0.33515 0.187291 0.115656
0 0.497446 0.320927 0.14067 0.0855131
0 0.320308 0.401938 0.0446454 0.0894388
0 0.494225 0.602079 0.107219 0.0576593
0 0.571295 0.580332 0.101221 0.038656
0 0.26814 0.441862 0.0574788 0.0267441
0 0.440886 0.244796 0.0403525 0.0325364
0 0.432296 0.245264 0.0591577 0.0313634
0 0.523182 0.591439 0.194059 0.0740016
0 0.593386 0.353126 0.14032 0.0755376
0 0.308049 0.40266 0.0680901 0.0943913
0 0.551631 0.342571 0.209763 0.105843
