0 0.563833 0.61028 0.099527 0.0423334
0 0.026252 0.46024 0.0444002 0.0563402
0 0.752149 0.232848 0.0312686 0.0566248
0 0.0246689 0.415422 0.0493377 0.0311779
0 0.615749 0.252006 0.0334411 0.0320345
0 0.434322 0.348226 0.167642 0.106213
0 0.503725 0.279666 0.066714 0.038922
0 0.0260436 0.428003 0.0520872 0.0514221
0 0.314813 0.388737 0.0870416 0.101157
0 0.261079 0.423729 0.0435928 0.0429835
0 0.542361 0.334973 0.139901 0.0516517
0 0.569627 0.336333 0.0887055 0.0466357
0 0.466614 0.340447 0.224068 0.109021
