0 0.897914 0.4216 0.0477514 0.042897
0 0.116957 0.524866 0.0677308 0.030751
0 0.721554 0.476567 0.064868 0.0356393
0 0.301834 0.418284 0.0571162 0.0366334
0 0.454645 0.649149 0.0526323 0.0232251
0 0.11258 0.401312 0.0630886 0.0262567
0 0.8107 0.445391 0.0355337 0.0264767
0 0.351746 0.385055 0.0469763 0.0865861
0 0.453182 0.334372 0.0950292 0.110663
0 0.607584 0.291014 0.124641 0.0712633
0 0.585279 0.622596 0.0743606 0.0286371
0 0.334114 0.389276 0.079094 0.0959334
0 0.474079 0.571155 0.0297503 0.0316054
0 0.592034 0.286623 0.139323 0.0949782
