0 0.801336 0.506058 0.0748501 0.0260157
0 0.597668 0.327257 0.0447745 0.034822
0 0.608695 0.242168 0.0798581 0.0588431
0 0.269188 0.407709 0.0365549 0.0499635
0 0.918659 0.922472 0.0818553 0.0301571
0 0.423626 0.366175 0.137237 0.0969769
0 0.361358 0.650438 0.0629581 0.0344856
0 0.466445 0.599446 0.148916 0.0650731
0 0.144132 0.525718 0.0663482 0.0221913
0 0.591046 0.549624 0.16687 0.0614351
0 0.667738 0.543267 0.114009 0.0742538
0 0.640497 0.54204 0.173842 0.077739
0 0.365007 0.647972 0.0719653 0.045022
0 0.543772 0.275734 0.0285532 0.031594
0 0.570143 0.548259 0.161902 0.0507469
0 0.467322 0.587847 0.139209 0.0594969
0 0.816924 0.433527 0.0373585 0.0282466
