0 0.479129 0.646867 0.0822542 0.0260262
0 0.634251 0.565075 0.0865684 0.0524349
0 0.760857 0.520166 0.043819 0.0348006
0 0.826921 0.485183 0.0402594 0.0310831
0 0.0775144 0.401972 0.0479891 0.025408
0 0.591352 0.318996 0.0924287 0.062393
0 0.307022 0.384448 0.116054 0.0759231
0 0.491608 0.286182 0.119672 0.055538
0 0.548798 0.310405 0.151214 0.0685498
0 0.441281 0.361875 0.160419 0.10226
0 0.571616 0.316637 0.130479 0.0722607
0 0.192302 0.335544 0.0363239 0.0253265
0 0.522104 0.296304 0.183085 0.0733943
