0 0.100258 0.493186 0.0604057 0.0270327
0 0.410716 0.241332 0.0667273 0.0301323
0 0.332132 0.360592 0.0475591 0.0776044
0 0.697158 0.121754 0.0346059 0.0413977
0 0.261375 0.435313 0.0781734 0.0638557
0 0.559533 0.209615 0.102888 0.0320223
0 0.676989 0.246147 0.0767933 0.0507032
0 0.651658 0.512268 0.0752044 0.0508448
0 0.77962 0.530228 0.0937114 0.0406075
0 0.538327 0.318709 0.158297 0.0594486
0 0.792079 0.43422 0.0483651 0.0333793
0 0.83508 0.45103 0.0749382 0.0426283
0 0.39678 0.376397 0.0576769 0.0357743
0 0.675623 0.243467 0.0990535 0.0596974
0 0.779471 0.523782 0.108558 0.0606959
0 0.397793 0.371921 0.0577897 0.0559453
0 0.515136 0.358026 0.0915409 0.0380011
0 0.518927 0.349434 0.0980399 0.0586785
