0 0.698013 0.517066 0.14481 0.0521519
0 0.703036 0.216624 0.0677226 0.0723206
0 0.0523709 0.399306 0.0859908 0.0334469
0 0.527999 0.317598 0.18434 0.083241
0 0.335205 0.642222 0.141904 0.0404959
0 0.448939 0.546427 0.0760998 0.035562
0 0.39645 0.397723 0.0742654 0.0332754
0 0.523598 0.602167 0.0966065 0.0252943
0 0.522108 0.583022 0.0702505 0.0164471
0 0.321506 0.408963 0.0319514 0.0745012
0 0.52193 0.586652 0.0847745 0.0245441
0 0.32722 0.407171 0.043142 0.0862093
0 0.503642 0.322066 0.137293 0.0808293
