0 0.246281 0.304335 0.0769199 0.05427
0 0.619462 0.20177 0.0595202 0.0716459
0 0.769193 0.424141 0.0742507 0.0673741
0 0.457472 0.585248 0.0794695 0.0395634
0 0.501052 0.335474 0.0860071 0.0543791
0 0.712456 0.526897 0.0887865 0.0330161
0 0.291164 0.421098 0.0380307 0.018904
0 0.508626 0.266727 0.0343817 0.0295737
0 0.513885 0.232687 0.0300035 0.0273282
0 0.356284 0.379459 0.0492968 0.0783612
0 0.420062 0.395578 0.053916 0.0396281
0 0.369555 0.332307 0.0353816 0.0451453
0 0.565053 0.569408 0.0457103 0.0227982
0 0.346091 0.377253 0.0679011 0.0841451
0 0.833437 0.454236 0.0319359 0.0356589
