0 0.449191 0.250035 0.153819 0.0452308
0 0.606569 0.56923 0.0875832 0.0541971
0 0.161712 0.530154 0.0713093 0.0452226
0 0.632152 0.212729 0.105352 0.0597879
0 0.322473 0.413837 0.0504771 0.0260949
0 0.475493 0.634406 0.0933656 0.0442736
0 0.477523 0.620775 0.108185 0.0324275
0 0.533885 0.310657 0.0758756 0.0521958
0 0.542617 0.305939 0.0942756 0.0598725
0 0.800242 0.444297 0.165483 0.0902694
0 0.751623 0.499576 0.164556 0.125348
0 0.548218 0.29406 0.118595 0.0824255
0 0.366454 0.379008 0.0426347 0.0636405
0 0.584153 0.287317 0.0519927 0.0552195
0 0.791417 0.455449 0.168437 0.117613
0 0.63581 0.267773 0.0434939 0.0300502
