0 0.517117 0.578506 0.0617127 0.0291693
0 0.385552 0.350403 0.138638 0.0824438
0 0.0956088 0.491666 0.0782008 0.0335234
0 0.818453 0.44831 0.108194 0.0673516
0 0.463236 0.606919 0.0467166 0.0194092
0 0.0345933 0.460393 0.0691865 0.0261173
0 0.883721 0.3872 0.0359137 0.050359
0 0.545423 0.299786 0.143825 0.0846128
0 0.653957 0.227269 0.0914639 0.0526902
0 0.817795 0.40508 0.0679578 0.0401255
0 0.664205 0.823599 0.0769043 0.0293696
0 0.466422 0.605875 0.0573152 0.0253603
0 0.27857 0.41131 0.0374764 0.0233446
0 0.622633 0.228947 0.155106 0.055876
0 0.663226 0.259172 0.0512209 0.0359183
0 0.57866 0.227127 0.102044 0.0268757
0 0.598467 0.224108 0.148489 0.0370781
