0 0.810256 0.425412 0.0348334 0.0426341
0 0.64897 0.599134 0.103389 0.0611311
0 0.100239 0.40625 0.0803309 0.0529568
0 0.468438 0.269195 0.110399 0.0681626
0 0.778204 0.481056 0.0484222 0.0198599
0 0.650299 0.544259 0.0906918 0.0200377
0 0.425094 0.365731 0.189807 0.0914114
0 0.589872 0.348396 0.055963 0.03308
0 0.64183 0.547089 0.0930694 0.0232658
0 0.272746 0.409626 0.0672689 0.0685107
0 0.0150353 0.432692 0.0300706 0.0328688
0 0.286535 0.405063 0.0887729 0.0793628
0 0.443964 0.365018 0.138262 0.0750888
