0 0.114623 0.370619 0.0771593 0.0401546
0 0.545456 0.255228 0.122319 0.0607713
0 0.456286 0.33128 0.0581814 0.0276903
0 0.697002 0.239413 0.0779843 0.109041
0 0.304869 0.657781 0.0560362 0.0370359
0 0.651415 0.541437 0.0724077 0.0294225
0 0.287675 0.420182 0.0930245 0.0954516
0 0.66581 0.541347 0.102765 0.0331067
0 0.0288812 0.460696 0.0577625 0.0465209
0 0.442929 0.383123 0.229323 0.0803952
0 0.0594466 0.424252 0.035682 0.0221678
0 0.353163 0.340035 0.025092 0.0556672
0 0.355375 0.342988 0.0326234 0.0598452
0 0.464031 0.381771 0.211831 0.0651411
0 0.49154 0.377025 0.135955 0.0521519
0 0.543205 0.329423 0.0411612 0.0227894
0 0.44243 0.390574 0.190466 0.0655153
0 0.309503 0.422473 0.150372 0.109878
