0 0.258334 0.469131 0.0831581 0.0707753
0 0.774511 0.449035 0.0466347 0.0438886
0 0.440319 0.377277 0.101694 0.0642835
0 0.0356051 0.44222 0.0712102 0.0326558
0 0.0314032 0.403157 0.0618079 0.0285044
0 0.551099 0.279912 0.110889 0.0579122
0 0.64873 0.150514 0.0339082 0.0372411
0 0.653998 0.511078 0.0490608 0.0357427
0 0.521475 0.320324 0.0752686 0.0306736
0 0.313164 0.266404 0.0376365 0.0363116
0 0.811176 0.409941 0.0401483 0.0421259
0 0.356693 0.378158 0.0393854 0.0779529
0 0.442555 0.620289 0.0406057 0.0304145
0 0.293199 0.424847 0.037024 0.0260018
0 0.804915 0.418356 0.0515332 0.058908
0 0.77897 0.445676 0.0585302 0.0551603
