0 0.370679 0.605951 0.0711046 0.0306771
0 0.722869 0.180657 0.0545468 0.0628917
0 0.123303 0.534437 0.0809527 0.0443783
0 0.0739296 0.433105 0.067643 0.0717269
0 0.460163 0.257117 0.0673996 0.0548932
0 0.779553 0.483282 0.136251 0.0938979
0 0.592302 0.577934 0.111758 0.0980562
0 0.569475 0.288667 0.089952 0.048918
0 0.273646 0.406945 0.0502192 0.0694512
0 0.478873 0.356038 0.124591 0.0735097
0 0.399483 0.391992 0.0984926 0.0584555
0 0.394093 0.368964 0.102929 0.0987339
0 0.493358 0.637381 0.0923736 0.0253561
0 0.487264 0.356599 0.10126 0.0601484
0 0.289123 0.4392 0.0327436 0.0423478
0 0.401499 0.381941 0.111726 0.0985694
0 0.599433 0.568139 0.0980794 0.074069
0 0.568121 0.582274 0.164301 0.10158
0 0.320129 0.395063 0.0434446 0.0650137
0 0.363056 0.353613 0.0405637 0.0683733
