0 0.337611 0.255985 0.0342501 0.0269526
0 0.158874 0.53041 0.0763023 0.0423652
0 0.548606 0.559477 0.0519184 0.0270967
0 0.318152 0.425827 0.0447731 0.0440763
0 0.558038 0.214223 0.0604339 0.0264669
0 0.413905 0.383781 0.146802 0.0759143
0 0.6375 0.30163 0.0995208 0.0353844
0 0.0293048 0.463088 0.0453242 0.0235919
0 0.57508 0.301223 0.191913 0.0913255
0 0.416102 0.401381 0.131647 0.036991
0 0.384196 0.332238 0.0266004 0.0214238
0 0.548578 0.301911 0.125082 0.0851327
0 0.629543 0.299336 0.119991 0.0437204
0 0.39022 0.372409 0.0842951 0.0621805
0 0.538512 0.309335 0.108427 0.0609524
0 0.124826 0.373368 0.0429409 0.030362
