0 0.878234 0.398802 0.0515587 0.0479432
0 0.287534 0.451743 0.0555661 0.0577802
0 0.0554953 0.452303 0.110991 0.0759001
0 0.636055 0.593536 0.0906892 0.0350388
0 0.474514 0.332697 0.119655 0.105994
0 0.704087 0.241072 0.0679114 0.128421
0 0.583323 0.297495 0.0789094 0.0635954
0 0.915044 0.422559 0.0331565 0.0508908
0 0.469434 0.246786 0.0449046 0.0272655
0 0.238031 0.30736 0.0474922 0.0254657
0 0.0839112 0.394993 0.0716763 0.0398983
0 0.563295 0.281813 0.0938157 0.0595627
0 0.569692 0.29065 0.0864916 0.0824833
0 0.347657 0.367019 0.0382838 0.0514095
0 0.88683 0.408643 0.0730064 0.0667465
0 0.702216 0.226503 0.0810298 0.0986881
0 0.884831 0.401366 0.0599511 0.0564785
