0 0.713457 0.514302 0.0381221 0.0229475
0 0.0511028 0.52301 0.0944535 0.0240462
0 0.359147 0.593476 0.0303478 0.049551
0 0.22343 0.306389 0.0692765 0.0397471
0 0.554269 0.266811 0.0942379 0.0433612
0 0.819249 0.494065 0.059199 0.0232382
0 0.411714 0.262341 0.0913132 0.0373223
0 0.293621 0.415002 0.107954 0.0916023
0 0.635279 0.295938 0.0491104 0.0529613
0 0.508895 0.354119 0.144819 0.0978233
0 0.18552 0.356646 0.0761651 0.024884
0 0.577538 0.605354 0.0838652 0.02461
0 0.508152 0.582511 0.0239276 0.019592
0 0.618022 0.601708 0.149806 0.0316243
0 0.547507 0.553741 0.0216968 0.0270514
0 0.351835 0.341766 0.0291081 0.048906
0 0.0898574 0.390446 0.0565587 0.0335805
0 0.472045 0.359059 0.22496 0.106014
