0 0.707842 0.488062 0.0980893 0.0389181
0 0.72031 0.225252 0.0501695 0.0444961
0 0.611369 0.513271 0.0601864 0.0300847
0 0.391404 0.391514 0.0631894 0.0422825
0 0.30955 0.417159 0.0748966 0.0390819
0 0.539339 0.401227 0.11269 0.0263361
0 0.573239 0.2925 0.213007 0.110163
0 0.555476 0.310645 0.212862 0.141077
0 0.162041 0.412564 0.0391969 0.0229685
0 0.622908 0.510543 0.0850482 0.0351483
0 0.692555 0.290574 0.0294907 0.0365943
0 0.169545 0.53487 0.0466083 0.0266118
0 0.15137 0.372254 0.0387367 0.0281258
0 0.366253 0.336438 0.0251994 0.0214021
