0 0.198016 0.327726 0.10484 0.0768135
0 0.39932 0.653065 0.0591764 0.0365379
0 0.676531 0.256032 0.0485117 0.0440762
0 0.854263 0.45391 0.0859976 0.024087
0 0.258487 0.419754 0.037366 0.0508339
0 0.818743 0.503032 0.0899034 0.0525658
0 0.499049 0.269608 0.0699241 0.0286012
0 0.56348 0.611985 0.217819 0.0914959
0 0.501434 0.319883 0.113437 0.0807428
0 0.483559 0.325892 0.149428 0.0942292
0 0.586954 0.604601 0.156339 0.0699089
0 0.827029 0.50228 0.10137 0.0661294
0 0.312664 0.398803 0.0576881 0.0531502
0 0.396616 0.364154 0.15707 0.120774
0 0.424028 0.353189 0.15058 0.106076
0 0.540036 0.622447 0.225157 0.077636
0 0.476798 0.335839 0.190626 0.112498
