0 0.741381 0.449737 0.0684936 0.0398691
0 0.201998 0.480715 0.0376752 0.0413862
0 0.64539 0.302259 0.0447035 0.0303621
0 0.39245 0.357444 0.100585 0.0948904
0 0.657189 0.223145 0.0692813 0.0718306
0 0.541625 0.305654 0.128982 0.0722154
0 0.285054 0.411069 0.0355604 0.0249763
0 0.556834 0.230622 0.0730157 0.0479415
0 0.66313 0.572902 0.0653554 0.0191281
0 0.5135 0.610604 0.0417691 0.0180669
0 0.392115 0.367264 0.0883597 0.0766487
0 0.706395 0.5368 0.105535 0.0241474
0 0.491337 0.237545 0.0810318 0.0562465
0 0.515852 0.266495 0.111784 0.10446
0 0.525092 0.242069 0.142773 0.0745382
0 0.537562 0.277786 0.153918 0.125763
0 0.482036 0.232437 0.0620929 0.0433915
