0 0.268054 0.411005 0.0418508 0.0502053
0 0.659763 0.490899 0.0669935 0.0459865
0 0.263633 0.275362 0.0396315 0.0393531
0 0.701923 0.214539 0.0429945 0.0530446
0 0.823712 0.39244 0.0424269 0.029826
0 0.524552 0.268762 0.152446 0.086403
0 0.78376 0.488731 0.12599 0.0686297
0 0.368834 0.369109 0.0839178 0.109272
0 0.150592 0.349087 0.101721 0.0525948
0 0.129209 0.400608 0.115287 0.063409
0 0.464312 0.334044 0.0808269 0.032502
0 0.121494 0.403843 0.105335 0.0494057
0 0.128782 0.390082 0.13784 0.0811298
0 0.50349 0.265893 0.118678 0.0922643
0 0.530811 0.252212 0.143605 0.0553091
0 0.148384 0.356685 0.115153 0.066303
0 0.460242 0.618982 0.0416046 0.0267737
