0 0.0789406 0.419429 0.120584 0.0750494
0 0.801702 0.523377 0.0386341 0.0315356
0 0.875749 0.455891 0.0499539 0.030952
0 0.851187 0.403069 0.0292643 0.0380026
0 0.174706 0.515958 0.0372911 0.0416212
0 0.619681 0.343036 0.0943176 0.0435528
0 0.278612 0.422952 0.0445564 0.037833
0 0.461113 0.333965 0.106589 0.109001
0 0.56097 0.256912 0.0545301 0.0411544
0 0.343972 0.380088 0.0558102 0.104907
0 0.621356 0.340074 0.111635 0.0530846
0 0.462768 0.347193 0.10031 0.0776632
0 0.467805 0.327048 0.0947369 0.0869704
0 0.619751 0.329142 0.117482 0.0743822
0 0.0693891 0.427851 0.102127 0.0687586
0 0.572211 0.20955 0.0240796 0.0256475
