0 0.540112 0.305822 0.129381 0.0642644
0 0.405578 0.564808 0.0700518 0.0532367
0 0.816094 0.449997 0.071777 0.0501856
0 0.550518 0.238172 0.064826 0.037173
0 0.0242608 0.463158 0.0477057 0.0254732
0 0.390937 0.361282 0.140612 0.10497
0 0.275863 0.413203 0.0421957 0.0357172
0 0.657632 0.233942 0.0937548 0.0919834
0 0.451839 0.590875 0.0738512 0.0477378
0 0.817149 0.400118 0.0590351 0.0357162
0 0.806577 0.406706 0.0682123 0.0419166
0 0.429181 0.574025 0.116399 0.0719818
0 0.44255 0.586969 0.094902 0.0647678
0 0.807112 0.417436 0.0725422 0.0625194
