0 0.42115 0.585546 0.0551517 0.0204787
0 0.837703 0.484598 0.042022 0.036698
0 0.728721 0.196454 0.0679476 0.0938507
0 0.0544754 0.428088 0.108951 0.0312722
0 0.271573 0.404749 0.0424569 0.0568666
0 0.601795 0.352584 0.0782249 0.0594419
0 0.0968914 0.492689 0.0937303 0.0346401
0 0.570961 0.608742 0.099054 0.0489436
0 0.490451 0.351435 0.10108 0.0713294
0 0.568677 0.574206 0.0502883 0.0398302
0 0.326089 0.390013 0.0454363 0.0551022
0 0.393498 0.358863 0.0740237 0.115573
0 0.457245 0.302785 0.0518407 0.0274435
0 0.43871 0.356343 0.166918 0.117808
0 0.580088 0.596532 0.0786476 0.0563803
0 0.488771 0.347881 0.121785 0.0865698
0 0.394466 0.366183 0.0645846 0.0887753
0 0.428994 0.349481 0.124794 0.102369
0 0.453178 0.343107 0.174719 0.0988985
