0 0.0640561 0.427892 0.0893038 0.0680864
0 0.693576 0.186953 0.0767255 0.0669505
0 0.536058 0.606106 0.215203 0.0740027
0 0.27166 0.404407 0.0449156 0.0597795
0 0.487533 0.358517 0.11147 0.0755654
0 0.559491 0.602102 0.156742 0.0692586
0 0.7465 0.228217 0.0858068 0.0700338
0 0.414123 0.630052 0.114051 0.0362298
0 0.397168 0.630253 0.0853389 0.0344932
0 0.562172 0.59004 0.152775 0.0573093
0 0.591599 0.289969 0.0366333 0.0270169
0 0.38947 0.385661 0.0743184 0.0459729
0 0.371677 0.360208 0.054791 0.076027
0 0.322059 0.391855 0.0425429 0.0516948
0 0.732683 0.535005 0.046386 0.0285898
0 0.427214 0.551951 0.027146 0.0182159
0 0.532663 0.571786 0.0780936 0.0269507
0 0.386164 0.359586 0.0845601 0.0902424
0 0.390607 0.375754 0.0862226 0.0774
0 0.7142 0.206521 0.120338 0.0988637
