0 0.652191 0.547805 0.103985 0.0240481
0 0.526589 0.307288 0.126576 0.0638252
0 0.391872 0.347237 0.113205 0.0692677
0 0.42956 0.633921 0.0389369 0.0462939
0 0.53396 0.587209 0.051954 0.0258636
0 0.241946 0.451716 0.129431 0.0980853
0 0.0490788 0.468306 0.0981576 0.0564048
0 0.646235 0.210863 0.120515 0.103586
0 0.788864 0.448671 0.100611 0.0455556
0 0.233353 0.462664 0.11082 0.0632253
0 0.571705 0.518938 0.0648639 0.0250435
0 0.432922 0.55468 0.0421497 0.0264673
0 0.752017 0.149662 0.0306621 0.0544979
0 0.26983 0.435465 0.0681046 0.0736961
