0 0.833244 0.488555 0.077111 0.0321037
0 0.232795 0.30162 0.108775 0.0490866
0 0.63717 0.549998 0.0968761 0.0612934
0 0.265203 0.411649 0.0366129 0.0517235
0 0.441144 0.584441 0.0642691 0.0220668
0 0.573632 0.266703 0.100482 0.0470342
0 0.730729 0.529482 0.0602906 0.059016
0 0.33239 0.376316 0.0539047 0.0651874
0 0.458629 0.292352 0.0776078 0.0501148
0 0.445029 0.342511 0.160699 0.131755
0 0.542567 0.332982 0.17373 0.0435092
0 0.581047 0.333078 0.0973876 0.0414838
0 0.460071 0.355111 0.184301 0.0971413
0 0.440155 0.313092 0.12891 0.0917041
