0 0.0748978 0.474419 0.125537 0.0377489
0 0.67679 0.303258 0.0378296 0.0467768
0 0.445614 0.267324 0.092061 0.0460002
0 0.175555 0.355041 0.0503661 0.0240072
0 0.743564 0.231198 0.0754724 0.096235
0 0.596465 0.200957 0.0526663 0.0535534
0 0.268212 0.401353 0.0435622 0.0560294
0 0.526031 0.580109 0.040792 0.0222206
0 0.234669 0.464608 0.054316 0.030061
0 0.441829 0.361081 0.162324 0.102499
0 0.540699 0.347359 0.111818 0.0586015
0 0.323595 0.386593 0.0415061 0.0540203
0 0.511536 0.348421 0.174552 0.0689441
0 0.0666906 0.472586 0.119483 0.0480733
0 0.422923 0.352564 0.145162 0.113616
0 0.497027 0.35905 0.221169 0.0927242
0 0.454045 0.373493 0.191009 0.0865635
