0 0.378267 0.605394 0.0811986 0.0812225
0 0.0354718 0.395365 0.0709435 0.0505705
0 0.478501 0.578099 0.0732499 0.0343699
0 0.62361 0.559921 0.0591516 0.0341225
0 0.668208 0.21336 0.0409849 0.0486126
0 0.595936 0.215525 0.051931 0.0486059
0 0.862498 0.389153 0.0299559 0.0345698
0 0.533956 0.317823 0.132475 0.0780078
0 0.290899 0.424035 0.0380043 0.0276364
0 0.675577 0.51139 0.0991256 0.0341017
0 0.831689 0.462723 0.122711 0.0655926
0 0.355892 0.383157 0.0481708 0.0869718
0 0.521835 0.276655 0.0869763 0.082961
0 0.812957 0.461091 0.0895802 0.0684778
0 0.430428 0.373971 0.0471805 0.0380593
0 0.854475 0.469742 0.0780606 0.054576
0 0.529084 0.292234 0.122345 0.125514
0 0.368328 0.328868 0.0310215 0.0303239
