0 0.705711 0.259142 0.0741618 0.0737087
0 0.339447 0.659878 0.0432046 0.0444231
0 0.83671 0.445051 0.0526234 0.0458852
0 0.364055 0.400201 0.214655 0.122816
0 0.917935 0.411466 0.0428427 0.0318979
0 0.549726 0.311368 0.127537 0.0849084
0 0.0426097 0.404207 0.071125 0.0304426
0 0.561951 0.305067 0.0971147 0.0742123
0 0.46261 0.327176 0.0952209 0.07342
0 0.577604 0.626112 0.0682571 0.0366383
0 0.504727 0.317496 0.191364 0.0954613
0 0.373733 0.405747 0.219045 0.0901722
0 0.5863 0.622851 0.0717471 0.0378776
