0 0.466249 0.609413 0.0889564 0.0307002
0 0.108538 0.387806 0.0401894 0.0243046
0 0.97011 0.884484 0.0595238 0.030037
0 0.787896 0.446505 0.0421076 0.0309833
0 0.306234 0.416237 0.0591353 0.0285082
0 0.69419 0.501652 0.0874956 0.0438986
0 0.7844 0.484428 0.0556861 0.0271124
0 0.0247957 0.473563 0.0495914 0.0252708
0 0.311459 0.411764 0.0739934 0.0387176
0 0.0244167 0.433541 0.0466463 0.0312067
0 0.604052 0.309814 0.221161 0.127847
0 0.6308 0.291069 0.143451 0.0840804
0 0.306097 0.267781 0.0259387 0.0236392
0 0.575867 0.32431 0.220979 0.111558
0 0.500525 0.386135 0.0576516 0.0351796
0 0.349385 0.38241 0.0454643 0.0643957
0 0.35531 0.376735 0.0360224 0.0596238
0 0.322436 0.390575 0.0803611 0.081542
0 0.026159 0.437128 0.0523179 0.0407532
0 0.422031 0.407563 0.0930728 0.0318597
