0 0.690722 0.300384 0.0675164 0.058207
0 0.129456 0.383891 0.125078 0.0480356
0 0.620326 0.381121 0.058655 0.0381495
0 0.0267148 0.488391 0.0534297 0.0258179
0 0.724579 0.221868 0.036973 0.0451766
0 0.371996 0.404228 0.191859 0.0773535
0 0.502331 0.332298 0.152044 0.0841125
0 0.620976 0.592041 0.0496739 0.0330802
0 0.606888 0.217675 0.06083 0.0313297
0 0.293189 0.284086 0.0446675 0.0322251
0 0.636695 0.234193 0.0478841 0.0529783
0 0.382364 0.400052 0.170936 0.0600526
0 0.65061 0.311039 0.0780103 0.0435157
0 0.552769 0.54627 0.0357833 0.0239663
0 0.609851 0.2251 0.0651343 0.045494
