0 0.801369 0.457273 0.114093 0.0713449
0 0.484266 0.63288 0.116905 0.0549593
0 0.53416 0.572762 0.0623255 0.0290897
0 0.136545 0.365512 0.0686053 0.04352
0 0.264938 0.413764 0.0385033 0.046394
0 0.539658 0.288262 0.150827 0.0578612
0 0.036734 0.440725 0.073468 0.0286561
0 0.115459 0.418071 0.0702965 0.0301988
0 0.460463 0.356425 0.20897 0.112317
0 0.334122 0.382465 0.0564491 0.0691051
0 0.193538 0.336159 0.0343249 0.0265547
0 0.514092 0.319494 0.185752 0.108207
0 0.035416 0.435887 0.0694812 0.0351382
