0 0.745322 0.518458 0.0876309 0.0538879
0 0.596041 0.240895 0.0868707 0.0473288
0 0.666863 0.607112 0.0874331 0.0488224
0 0.591617 0.540929 0.070761 0.0577888
0 0.842295 0.456103 0.0613744 0.0223398
0 0.0145526 0.413413 0.0291052 0.0353465
0 0.491798 0.30716 0.126133 0.071806
0 0.632535 0.294568 0.0523093 0.0495845
0 0.360491 0.400543 0.233652 0.123987
0 0.335773 0.404977 0.152498 0.0881024
0 0.628338 0.291011 0.0589433 0.0614883
0 0.338611 0.40157 0.174024 0.112503
0 0.417467 0.382295 0.181021 0.0681305
0 0.497661 0.311317 0.148351 0.0950537
0 0.395938 0.385223 0.203634 0.0869241
0 0.474014 0.245063 0.0418593 0.0268996
0 0.0152613 0.409239 0.0305226 0.0477005
