0 0.599347 0.545684 0.100382 0.0569263
0 0.726474 0.481139 0.0991867 0.0637656
0 0.22234 0.315644 0.048919 0.0535928
0 0.449379 0.342847 0.119883 0.0773586
0 0.410243 0.609096 0.0596656 0.0614775
0 0.5204 0.238466 0.152745 0.0923476
0 0.305384 0.381297 0.121712 0.103821
0 0.0617359 0.496167 0.0722049 0.0254829
0 0.656628 0.228242 0.0862267 0.0847383
0 0.0106248 0.459699 0.0211637 0.0211227
0 0.201385 0.503159 0.0392953 0.0286416
0 0.682378 0.221211 0.126042 0.087038
0 0.76533 0.143088 0.0414629 0.0274272
0 0.556158 0.290808 0.0936759 0.0651484
0 0.69902 0.203231 0.0960499 0.05127
0 0.546477 0.297599 0.0780392 0.0499274
0 0.452964 0.604584 0.0784657 0.0485219
