0 0.829581 0.433085 0.0626494 0.0558481
0 0.714641 0.213837 0.0661876 0.0676477
0 0.693036 0.527596 0.0825405 0.0665451
0 0.491516 0.314342 0.0971941 0.0678709
0 0.480553 0.59398 0.228709 0.0608799
0 0.328018 0.405925 0.0418659 0.0796764
0 0.49632 0.591815 0.210959 0.0485933
0 0.571981 0.270844 0.15752 0.0450729
0 0.620638 0.289239 0.0607691 0.0549152
0 0.529218 0.58933 0.144376 0.0461497
0 0.442645 0.598315 0.135858 0.0416893
0 0.450929 0.591319 0.150072 0.051355
0 0.276331 0.428364 0.0463915 0.045163
0 0.530358 0.304424 0.210502 0.100959
0 0.30473 0.407012 0.0886034 0.0915188
