0 0.170099 0.347238 0.0881914 0.0611101
0 0.275274 0.28399 0.0447342 0.0467918
0 0.913158 0.434285 0.0546949 0.0613366
0 0.0617918 0.523597 0.055372 0.0330733
0 0.695199 0.491306 0.0408897 0.0291654
0 0.374434 0.41287 0.0404934 0.0285978
0 0.655358 0.258138 0.068292 0.055972
0 0.719167 0.541684 0.0437837 0.0342891
0 0.853484 0.459059 0.0495056 0.0307392
0 0.566963 0.309398 0.200674 0.121244
0 0.0183444 0.492112 0.033823 0.0183467
0 0.286548 0.432358 0.0327998 0.023351
0 0.501449 0.33524 0.169536 0.0864574
0 0.906612 0.434303 0.0702388 0.069038
0 0.551193 0.291264 0.140972 0.0767272
