0 0.650523 0.218091 0.155265 0.0572088
0 0.293803 0.427428 0.0576096 0.0276007
0 0.41652 0.594996 0.0815227 0.0479802
0 0.42436 0.644292 0.0442818 0.029971
0 0.347321 0.377862 0.0339675 0.079911
0 0.821564 0.470709 0.0575765 0.0315881
0 0.483627 0.379343 0.0790421 0.0317789
0 0.499158 0.277767 0.0765254 0.0547149
0 0.489645 0.316539 0.136927 0.0768301
0 0.753749 0.454576 0.0301124 0.0202082
0 0.499587 0.378679 0.112922 0.0367676
0 0.482605 0.303111 0.143316 0.108088
0 0.505103 0.318857 0.203032 0.0987054
0 0.532083 0.342701 0.148892 0.0685652
0 0.547423 0.342408 0.116843 0.0577173
0 0.471356 0.316173 0.105551 0.068131
0 0.518291 0.331792 0.177181 0.0772972
0 0.341244 0.377828 0.0472561 0.0915068
0 0.630157 0.310969 0.0518217 0.0593375
