0 0.778264 0.424342 0.076239 0.0634207
0 0.566913 0.611952 0.098263 0.0379393
0 0.430049 0.350824 0.168353 0.110954
0 0.738176 0.506267 0.0413116 0.0289679
0 0.698741 0.222719 0.0480262 0.0359885
0 0.034303 0.444497 0.0686061 0.0286689
0 0.596072 0.549093 0.0471864 0.0357101
0 0.019477 0.486383 0.0389539 0.0266463
0 0.58745 0.331532 0.053777 0.026657
0 0.634217 0.297841 0.0268703 0.0231188
0 0.560468 0.244255 0.0356205 0.0492769
0 0.285953 0.39907 0.0936047 0.111971
0 0.246853 0.296507 0.0284491 0.0351502
0 0.867649 0.434065 0.0299683 0.0330817
0 0.537027 0.367244 0.115539 0.0495273
