0 0.71715 0.555463 0.154022 0.104756
0 0.432528 0.599479 0.0764405 0.0437398
0 0.834071 0.403995 0.0383132 0.0472685
0 0.311002 0.411807 0.0573131 0.0401331
0 0.372858 0.376455 0.0633143 0.0916235
0 0.720656 0.231191 0.100987 0.122827
0 0.472556 0.326791 0.094135 0.0506268
0 0.607384 0.265365 0.147021 0.081589
0 0.606696 0.287581 0.157808 0.121477
0 0.0812646 0.464991 0.0485871 0.0320922
0 0.311979 0.405781 0.0688632 0.050629
0 0.154652 0.379494 0.0379172 0.0248286
0 0.70375 0.230962 0.143565 0.117894
