0 0.254822 0.305401 0.0542852 0.0377312
0 0.144032 0.542342 0.0529651 0.0259213
0 0.594277 0.560804 0.0894765 0.0384979
0 0.519356 0.320024 0.11378 0.0723265
0 0.0574068 0.49616 0.0765028 0.0376811
0 0.82359 0.482397 0.0568845 0.0442053
0 0.0215117 0.396735 0.0430234 0.0301151
0 0.352465 0.382923 0.0424512 0.0697047
0 0.710393 0.549257 0.0719948 0.0577927
0 0.295288 0.425037 0.0366538 0.0226653
0 0.716538 0.184721 0.119535 0.107322
0 0.722153 0.471676 0.114716 0.0522708
0 0.524032 0.607718 0.0743731 0.0330369
0 0.548086 0.608823 0.120137 0.0377328
0 0.704534 0.549388 0.0946575 0.0677338
