0 0.279116 0.423811 0.062916 0.0553156
0 0.824353 0.416267 0.0403045 0.0314018
0 0.655008 0.185383 0.0615286 0.0451006
0 0.401818 0.23569 0.059458 0.0303816
0 0.031925 0.442795 0.0638501 0.047759
0 0.676194 0.242485 0.0860931 0.049286
0 0.976641 0.761011 0.0467174 0.0596499
0 0.51843 0.542787 0.0949802 0.0190048
0 0.530819 0.318081 0.106562 0.0588502
0 0.374266 0.359542 0.0857782 0.0870357
0 0.417918 0.606189 0.0314083 0.0278928
0 0.529893 0.330021 0.12628 0.0807586
0 0.83686 0.448312 0.0382118 0.0306568
0 0.459428 0.367236 0.0902644 0.0481578
