0 0.336968 0.256734 0.0391476 0.0302669
0 0.0474746 0.481734 0.0490053 0.0272255
0 0.816583 0.436576 0.0601292 0.0432401
0 0.688084 0.531033 0.166344 0.072474
0 0.0866174 0.392764 0.0463804 0.0228932
0 0.89676 0.925181 0.0799648 0.0284376
0 0.660634 0.252631 0.0830848 0.0880358
0 0.326688 0.421722 0.0594721 0.0344684
0 0.480244 0.32856 0.17055 0.097854
0 0.683325 0.545552 0.200807 0.103835
0 0.361154 0.368538 0.0417854 0.0658427
0 0.427579 0.390809 0.135237 0.0654294
0 0.557246 0.617108 0.129599 0.0688348
0 0.554683 0.624962 0.118273 0.0509274
0 0.571922 0.602577 0.154862 0.0921786
0 0.462414 0.337792 0.154059 0.0862199
0 0.608486 0.593837 0.134648 0.0958776
0 0.148007 0.529396 0.0365191 0.0332117
