0 0.530038 0.611439 0.100968 0.0369046
0 0.648767 0.546807 0.0445656 0.0406815
0 0.201952 0.321083 0.0734948 0.0513755
0 0.536394 0.25443 0.030129 0.0331395
0 0.699179 0.213414 0.103103 0.115219
0 0.262542 0.420844 0.0423045 0.0453987
0 0.463531 0.367659 0.200278 0.122375
0 0.111424 0.38018 0.0421294 0.0229484
0 0.990326 0.893106 0.0193471 0.0310259
0 0.440573 0.649425 0.0368614 0.0250995
0 0.327878 0.372669 0.0578907 0.0966146
0 0.49197 0.363113 0.203341 0.101901
0 0.708232 0.270678 0.0698521 0.0857943
0 0.276075 0.284503 0.0264359 0.034488
