0 0.659683 0.531976 0.0882075 0.0702988
0 0.685229 0.219029 0.117206 0.0587406
0 0.337564 0.26543 0.0364715 0.026206
0 0.552946 0.229608 0.0401285 0.0404107
0 0.77881 0.456992 0.101236 0.1138
0 0.501128 0.309267 0.221143 0.0817122
0 0.324085 0.372159 0.097176 0.105173
0 0.766377 0.469939 0.0775262 0.0809776
0 0.784796 0.449402 0.0891554 0.0890713
0 0.562272 0.551199 0.0503135 0.0206885
0 0.479356 0.326114 0.175074 0.0912827
0 0.507645 0.553322 0.0426937 0.0197334
0 0.533331 0.304162 0.153963 0.0720229
0 0.279649 0.414686 0.0701399 0.04109
0 0.303337 0.382965 0.122422 0.105442
0 0.516543 0.369253 0.110474 0.0263786
