0 0.888647 0.464022 0.058543 0.0373092
0 0.168952 0.538792 0.0902059 0.0421697
0 0.12163 0.36555 0.0704608 0.0388455
0 0.626158 0.565229 0.0852486 0.044076
0 0.551182 0.255809 0.0733067 0.0590802
0 0.020631 0.387713 0.0398678 0.0255446
0 0.309054 0.390565 0.04642 0.0535691
0 0.430228 0.35187 0.160315 0.0855069
0 0.252397 0.427373 0.0390991 0.0417782
0 0.500415 0.620481 0.0872974 0.0247718
0 0.532038 0.328556 0.0550886 0.0361562
0 0.482244 0.332795 0.156691 0.0413048
0 0.461304 0.301102 0.0423259 0.0261519
0 0.411846 0.351768 0.133689 0.0991392
