0 0.639534 0.213934 0.0586809 0.0477665
0 0.399623 0.543909 0.0664846 0.0320989
0 0.317048 0.256987 0.0716629 0.0536303
0 0.702304 0.488256 0.055083 0.0238608
0 0.637495 0.539611 0.106974 0.040854
0 0.535927 0.326634 0.149565 0.0623754
0 0.806078 0.482972 0.0513589 0.0246012
0 0.877587 0.462619 0.0424509 0.0369748
0 0.295732 0.430759 0.0442547 0.0544076
0 0.124861 0.501136 0.0853587 0.0310931
0 0.24554 0.334546 0.0350162 0.0255509
0 0.35883 0.380666 0.0444427 0.0780209
0 0.29101 0.436043 0.0517768 0.0642754
0 0.528592 0.234041 0.0556074 0.0318339
0 0.549512 0.310125 0.148311 0.0706039
0 0.519576 0.538246 0.0728447 0.0209832
0 0.369519 0.325519 0.0332458 0.0306675
0 0.419649 0.364922 0.0467972 0.0371509
0 0.512805 0.272085 0.042196 0.0423687
