0 0.78468 0.476121 0.0851355 0.0555108
0 0.236831 0.297398 0.0831385 0.0490479
0 0.577898 0.615531 0.0520477 0.0214071
0 0.632101 0.224095 0.0701222 0.0602297
0 0.3274 0.641371 0.0435511 0.0327113
0 0.274978 0.408486 0.0363604 0.054153
0 0.464593 0.612478 0.0583262 0.0350215
0 0.100548 0.443616 0.0530747 0.0350493
0 0.0197912 0.474839 0.0395823 0.0231082
0 0.0349202 0.411871 0.0698404 0.0261796
0 0.452751 0.560279 0.0391573 0.0296569
0 0.333384 0.386389 0.0403633 0.0503676
0 0.658167 0.557436 0.0658021 0.0321609
0 0.474092 0.312032 0.149383 0.111643
0 0.397713 0.649608 0.0363331 0.0316324
0 0.465628 0.336331 0.192047 0.133227
0 0.575967 0.324977 0.0393161 0.0338488
