0 0.810728 0.481886 0.0873184 0.0553797
0 0.487967 0.272754 0.0496713 0.0327067
0 0.584866 0.618417 0.177464 0.0673261
0 0.405974 0.645642 0.0669829 0.0358742
0 0.259451 0.420614 0.0393392 0.0543011
0 0.239823 0.305185 0.124753 0.0897086
0 0.311118 0.398042 0.0580988 0.0496319
0 0.463818 0.35759 0.177021 0.0769006
0 0.224168 0.314862 0.164623 0.104655
0 0.437031 0.358026 0.17957 0.108537
0 0.54421 0.624216 0.219182 0.0691285
0 0.403404 0.355674 0.134519 0.110616
0 0.247087 0.297077 0.108883 0.070327
0 0.200946 0.329973 0.110395 0.0766484
0 0.589416 0.285183 0.066323 0.0283613
0 0.511147 0.587985 0.0416834 0.023798
