0 0.562671 0.312445 0.159456 0.0863836
0 0.428772 0.388972 0.100854 0.0436908
0 0.708807 0.159429 0.0543185 0.0853892
0 0.982099 0.864378 0.035802 0.0363505
0 0.756485 0.463683 0.0668623 0.0237095
0 0.315075 0.412776 0.0446212 0.0232432
0 0.631537 0.553054 0.22696 0.106015
0 0.0156348 0.417404 0.0312697 0.0316423
0 0.645152 0.54654 0.186794 0.0873441
0 0.38233 0.334527 0.0246274 0.0248306
0 0.653079 0.541085 0.154675 0.0718435
0 0.669928 0.273144 0.0440949 0.027663
0 0.0335625 0.415434 0.0552162 0.0312729
0 0.289651 0.276138 0.0258331 0.0242783
