0 0.885558 0.433484 0.0488598 0.0328972
0 0.696497 0.239738 0.0906858 0.0651715
0 0.171901 0.534702 0.0849599 0.0494611
0 0.727703 0.541794 0.051636 0.031619
0 0.465714 0.578282 0.0513158 0.0236635
0 0.75776 0.441752 0.0339119 0.0357028
0 0.265504 0.408194 0.0430793 0.0564786
0 0.420566 0.358416 0.134474 0.0920843
0 0.135201 0.427036 0.0430463 0.0300179
0 0.549354 0.278144 0.0774081 0.0295064
0 0.584218 0.876498 0.0696918 0.030472
0 0.526448 0.342791 0.0914179 0.0637629
0 0.447567 0.356263 0.167781 0.0903389
0 0.663612 0.325934 0.0751629 0.0610883
0 0.321519 0.389137 0.0370448 0.0540829
