0 0.0612072 0.398883 0.0567336 0.0336885
0 0.829615 0.400435 0.0356337 0.0466329
0 0.735304 0.480695 0.0769835 0.0582912
0 0.692264 0.554729 0.187873 0.0828514
0 0.619224 0.256961 0.105603 0.0760993
0 0.765811 0.159 0.0343797 0.0619835
0 0.47191 0.327251 0.0910529 0.0471567
0 0.309721 0.41147 0.0563949 0.039566
0 0.37333 0.378804 0.0660069 0.103187
0 0.543619 0.321485 0.150506 0.0874768
0 0.569038 0.331926 0.0875036 0.0678777
0 0.60936 0.267674 0.142493 0.0958292
0 0.31135 0.404698 0.0684756 0.0515309
0 0.0300108 0.457266 0.0600216 0.0370803
0 0.0331368 0.463457 0.0643429 0.0302899
0 0.289651 0.286108 0.0288368 0.0248737
0 0.683089 0.258777 0.0777264 0.0645087
