0 0.789425 0.464739 0.0600942 0.0321848
0 0.127941 0.521121 0.126863 0.0413985
0 0.471458 0.237034 0.090873 0.0339688
0 0.4315 0.373472 0.0652571 0.0454005
0 0.630244 0.265077 0.0686837 0.0603254
0 0.294186 0.420089 0.0406045 0.0294534
0 0.730471 0.514224 0.0707716 0.0325962
0 0.552719 0.541176 0.0541384 0.0217156
0 0.0400836 0.486831 0.0377632 0.0229651
0 0.355601 0.377208 0.0429009 0.0815959
0 0.0761216 0.392858 0.105875 0.0556979
0 0.0660192 0.404641 0.127943 0.075892
0 0.0524754 0.413713 0.104951 0.0810885
0 0.0220327 0.438923 0.0407672 0.0469764
0 0.504241 0.268645 0.0571325 0.0538385
0 0.369494 0.330155 0.0331531 0.0399917
0 0.474687 0.244012 0.0935619 0.0520719
0 0.595471 0.261942 0.06339 0.0497314
