0 0.691262 0.497658 0.0982827 0.0503451
0 0.428566 0.588106 0.0565796 0.0389985
0 0.640582 0.193181 0.0637265 0.0552565
0 0.82703 0.461718 0.0509778 0.0389905
0 0.606482 0.574154 0.0653785 0.0340852
0 0.594847 0.315521 0.0852289 0.0673774
0 0.430975 0.387849 0.0897476 0.0495755
0 0.777621 0.42547 0.0355289 0.0406499
0 0.491299 0.245866 0.0464264 0.0289156
0 0.461374 0.329084 0.0399059 0.0281255
0 0.297902 0.408441 0.049722 0.0313275
0 0.443829 0.541205 0.0824828 0.0362778
0 0.370876 0.359206 0.0717822 0.114343
0 0.454268 0.538446 0.0773195 0.0324295
0 0.408326 0.362117 0.153793 0.11504
0 0.039921 0.403054 0.0430771 0.0266252
0 0.420163 0.372784 0.125394 0.0824628
0 0.363273 0.348799 0.0439234 0.0913562
0 0.296874 0.401145 0.0496631 0.0429235
