0 0.508552 0.331342 0.0990123 0.0562985
0 0.838376 0.40958 0.0610045 0.0329981
0 0.071413 0.515004 0.0477535 0.0321176
0 0.697019 0.522788 0.0965915 0.0668561
0 0.640499 0.232533 0.0829363 0.0879127
0 0.471791 0.60047 0.0466192 0.0292928
0 0.396365 0.563216 0.0683502 0.0718577
0 0.359725 0.382932 0.0461012 0.0849922
0 0.0418985 0.38283 0.069788 0.0374143
0 0.0341808 0.37033 0.0570411 0.0408854
0 0.452081 0.38485 0.0518619 0.0179662
0 0.527487 0.256899 0.0819039 0.0505555
0 0.29292 0.422564 0.0371238 0.0267376
0 0.542918 0.564429 0.071833 0.0315378
0 0.0460865 0.387156 0.072526 0.0300529
0 0.37003 0.330619 0.0310064 0.0380856
