0 0.270029 0.298417 0.064973 0.0501366
0 0.030648 0.452282 0.0612961 0.0293061
0 0.501285 0.580878 0.0955267 0.0254586
0 0.613939 0.608569 0.0509591 0.0299299
0 0.766484 0.499147 0.0639129 0.0354693
0 0.527195 0.314066 0.188733 0.101354
0 0.308058 0.415177 0.0538087 0.0343788
0 0.466152 0.629395 0.093747 0.0327587
0 0.603572 0.247953 0.0416577 0.0355801
0 0.427344 0.380911 0.161232 0.0812706
0 0.463525 0.617234 0.101421 0.0330679
0 0.795084 0.458259 0.0340019 0.0220149
0 0.406226 0.37963 0.136658 0.094044
0 0.767937 0.505481 0.064841 0.0492881
0 0.472877 0.617976 0.123493 0.0399187
0 0.467782 0.627443 0.10424 0.0424191
0 0.428599 0.392907 0.154411 0.0548674
0 0.433503 0.37169 0.18184 0.114614
