0 0.640199 0.854203 0.0887179 0.0376699
0 0.0950881 0.521977 0.0772595 0.0250503
0 0.0232215 0.487991 0.0446833 0.02538
0 0.374518 0.593661 0.041392 0.0833005
0 0.623808 0.588902 0.0394921 0.057533
0 0.520272 0.269839 0.0615634 0.0380806
0 0.64515 0.324569 0.0727829 0.0348423
0 0.391739 0.357512 0.196106 0.119265
0 0.641276 0.245595 0.129394 0.102426
0 0.662807 0.241977 0.196017 0.0984381
0 0.504024 0.331574 0.09833 0.0502005
0 0.411998 0.357746 0.143147 0.100949
0 0.267158 0.427388 0.0517496 0.0500349
0 0.513368 0.331719 0.122352 0.0582459
0 0.28193 0.440479 0.0633825 0.0527302
0 0.275143 0.435106 0.0617316 0.0580636
0 0.675888 0.247413 0.152569 0.0706612
0 0.418369 0.36884 0.120099 0.0811898
0 0.702961 0.253779 0.090914 0.0529321
