0 0.720563 0.219873 0.103906 0.0821767
0 0.0468243 0.39413 0.0652166 0.0388584
0 0.868997 0.421207 0.0819993 0.0409898
0 0.189937 0.331925 0.0740106 0.0577384
0 0.776767 0.495657 0.0656723 0.0434037
0 0.564669 0.571006 0.0930631 0.0415708
0 0.314651 0.401858 0.0427928 0.0905739
0 0.521955 0.329192 0.211385 0.105181
0 0.47977 0.255773 0.104329 0.0501775
0 0.317219 0.400457 0.0326327 0.0824554
0 0.316671 0.62717 0.0479691 0.0316231
0 0.533811 0.63138 0.0527437 0.0237577
0 0.266 0.441422 0.0524654 0.0266638
0 0.598826 0.280964 0.0843109 0.0668237
0 0.582858 0.279243 0.118715 0.0693638
0 0.480182 0.585373 0.0384646 0.0330764
