0 0.68216 0.300553 0.0409555 0.0353302
0 0.259513 0.298178 0.0416712 0.0438375
0 0.91362 0.391717 0.0422523 0.0333679
0 0.509115 0.305346 0.120847 0.078789
0 0.0337908 0.396701 0.0675815 0.0434376
0 0.0311037 0.49133 0.0616032 0.0282755
0 0.328168 0.40505 0.0417091 0.082584
0 0.731654 0.49966 0.0725613 0.0358652
0 0.465867 0.379068 0.0940187 0.0383508
0 0.0217374 0.453714 0.0380623 0.0231619
0 0.69554 0.551753 0.0909827 0.0363102
0 0.279669 0.433662 0.0430801 0.0352442
0 0.288954 0.421163 0.0691141 0.0623107
0 0.814344 0.412003 0.0324545 0.0338962
0 0.468056 0.377385 0.112822 0.0485747
0 0.309348 0.407025 0.071366 0.0886643
