0 0.347601 0.611562 0.106036 0.0560811
0 0.705237 0.562966 0.125713 0.0711073
0 0.0307297 0.415455 0.0614595 0.0346935
0 0.838209 0.458865 0.0549831 0.0378766
0 0.576599 0.248285 0.0835357 0.0605552
0 0.888339 0.426468 0.0371057 0.0396231
0 0.654621 0.290129 0.0532138 0.0394455
0 0.49548 0.310745 0.0659808 0.0422648
0 0.276257 0.421157 0.0790861 0.0936308
0 0.314012 0.266015 0.0710933 0.0277004
0 0.480398 0.363865 0.157695 0.0957798
0 0.415056 0.373251 0.170403 0.115931
0 0.46562 0.37262 0.198307 0.0833058
0 0.421292 0.396731 0.180173 0.0908645
