0 0.870189 0.438285 0.0455819 0.0423479
0 0.100451 0.413778 0.0883863 0.0454875
0 0.0230754 0.447359 0.0437292 0.0213492
0 0.607377 0.290002 0.155293 0.0989817
0 0.434014 0.341506 0.154857 0.0835213
0 0.43536 0.556558 0.0541461 0.0225389
0 0.617119 0.303129 0.130579 0.0759521
0 0.642722 0.212097 0.0238428 0.0300222
0 0.297219 0.414032 0.112914 0.118934
0 0.310517 0.398366 0.108765 0.140652
0 0.579372 0.283625 0.0975099 0.0998673
0 0.336942 0.37681 0.0761147 0.121645
0 0.294987 0.432372 0.0968063 0.0763194
