0 0.765022 0.516013 0.0640533 0.0406049
0 0.310089 0.417361 0.0417065 0.0216933
0 0.566379 0.569136 0.0848534 0.0298789
0 0.361978 0.384762 0.0428355 0.0661969
0 0.615457 0.605691 0.0579555 0.0235441
0 0.553444 0.301829 0.126298 0.102777
0 0.631672 0.565992 0.0414791 0.0366269
0 0.566245 0.287416 0.106484 0.0691175
0 0.551931 0.312505 0.110353 0.0819148
0 0.429555 0.374292 0.0642607 0.0429265
0 0.309427 0.414733 0.0518001 0.0283246
0 0.365652 0.382103 0.0472879 0.0822879
0 0.338165 0.390123 0.0796826 0.0715036
0 0.384674 0.33809 0.0278505 0.0260121
