0 0.620205 0.597581 0.088294 0.0395691
0 0.0728884 0.481944 0.0653971 0.0246781
0 0.499395 0.611171 0.0784584 0.0179756
0 0.12342 0.392803 0.0750398 0.0447793
0 0.581396 0.23926 0.115373 0.109374
0 0.0196808 0.434173 0.0393617 0.0263731
0 0.792167 0.496171 0.120805 0.103717
0 0.371774 0.394187 0.20339 0.121802
0 0.570443 0.242164 0.159181 0.114799
0 0.782194 0.504799 0.1726 0.126171
0 0.284091 0.412013 0.0996388 0.0896304
0 0.484089 0.335402 0.215295 0.12158
0 0.624116 0.292471 0.0861659 0.0527432
0 0.463785 0.315904 0.174384 0.078207
0 0.431522 0.32791 0.113675 0.0686828
0 0.502959 0.369302 0.228028 0.123215
0 0.526198 0.36757 0.192414 0.0989564
0 0.445606 0.32188 0.144089 0.0664371
0 0.387267 0.403377 0.209995 0.0931188
