0 0.638712 0.567028 0.128956 0.0374467
0 0.0239599 0.483474 0.0479198 0.0302057
0 0.318406 0.643399 0.0563664 0.0368993
0 0.0903438 0.401324 0.0878166 0.0277084
0 0.742915 0.514175 0.0373856 0.0254179
0 0.289919 0.415501 0.0933651 0.0933694
0 0.506062 0.263145 0.174873 0.0547051
0 0.417965 0.396851 0.133418 0.0388777
0 0.476329 0.32577 0.1082 0.0436035
0 0.358461 0.341338 0.0278227 0.0583216
0 0.528822 0.365091 0.0637981 0.0225928
0 0.487209 0.653295 0.0614198 0.0276241
0 0.572016 0.312882 0.054467 0.0456376
0 0.536402 0.265203 0.114184 0.0562688
0 0.484495 0.321429 0.134514 0.0549492
0 0.552572 0.310275 0.0966814 0.0482991
0 0.354482 0.658485 0.0915312 0.0299432
0 0.347747 0.651078 0.107245 0.0373619
