0 0.462937 0.600826 0.0543259 0.0468132
0 0.580143 0.584282 0.0881627 0.0319388
0 0.704974 0.513081 0.0813539 0.0524126
0 0.327 0.392329 0.0455561 0.0824773
0 0.172666 0.346209 0.149439 0.105197
0 0.274201 0.43227 0.0527759 0.0296172
0 0.532743 0.299558 0.218301 0.103132
0 0.0125926 0.423445 0.0251851 0.0229287
0 0.595403 0.249035 0.171931 0.0765315
0 0.0110465 0.476756 0.022093 0.0212834
0 0.332325 0.395948 0.0290341 0.0644671
0 0.183594 0.336027 0.109036 0.0743569
0 0.58594 0.255826 0.210943 0.100618
0 0.621406 0.245227 0.111678 0.0753729
0 0.558593 0.294459 0.214288 0.121062
0 0.14988 0.360674 0.10031 0.071688
0 0.305118 0.392481 0.08091 0.097039
0 0.27625 0.427638 0.0609118 0.0385245
