0 0.205589 0.520037 0.0813303 0.053263
0 0.122471 0.369047 0.0679867 0.0368441
0 0.734187 0.503772 0.0963941 0.0696019
0 0.669764 0.205816 0.036396 0.0585606
0 0.252092 0.425841 0.0441566 0.0431839
0 0.705608 0.322056 0.0624595 0.0688404
0 0.0315018 0.391657 0.0630036 0.0295628
0 0.427957 0.351007 0.153489 0.0804007
0 0.538135 0.322786 0.0483921 0.0332571
0 0.307746 0.388413 0.0388936 0.0507976
0 0.013662 0.488135 0.027324 0.0267558
0 0.505929 0.290455 0.0369338 0.0304305
0 0.460653 0.302516 0.04357 0.0274859
