0 0.779624 0.420652 0.0537066 0.0353919
0 0.855476 0.419254 0.0533942 0.0574187
0 0.36086 0.363188 0.0487044 0.106839
0 0.588122 0.327966 0.0449331 0.027211
0 0.466381 0.324496 0.0514095 0.0392262
0 0.617451 0.209347 0.112872 0.0780389
0 0.294162 0.410036 0.0453298 0.0313826
0 0.604999 0.280381 0.0737849 0.0445709
0 0.678744 0.189915 0.0958428 0.0800263
0 0.549031 0.558875 0.0861659 0.0275526
0 0.478036 0.316026 0.078806 0.0594765
0 0.486647 0.313214 0.0623113 0.0494503
0 0.360711 0.353808 0.0406961 0.0936787
0 0.647583 0.195181 0.151773 0.0804242
