0 0.668009 0.273298 0.0687692 0.0337231
0 0.371761 0.644043 0.0383468 0.0466795
0 0.0540317 0.392042 0.0763838 0.0294672
0 0.265536 0.434003 0.05395 0.0563921
0 0.25174 0.289448 0.0308822 0.0407642
0 0.778259 0.4548 0.0527061 0.0392597
0 0.0263483 0.455839 0.0526967 0.050331
0 0.464438 0.356242 0.204159 0.112664
0 0.521173 0.337062 0.197088 0.0873493
0 0.317027 0.374601 0.0580875 0.106446
0 0.533483 0.329302 0.165598 0.0733423
0 0.0280854 0.469397 0.054896 0.0355816
0 0.177227 0.340279 0.0253741 0.0264966
0 0.306787 0.378783 0.0703162 0.104778
