0 0.828893 0.42348 0.0735765 0.0361229
0 0.629501 0.517596 0.0925367 0.0583972
0 0.254499 0.470334 0.0869549 0.0615136
0 0.520069 0.269017 0.105692 0.0917376
0 0.136982 0.526158 0.06471 0.0260608
0 0.595639 0.229127 0.0679042 0.056946
0 0.384407 0.376233 0.228714 0.0982889
0 0.0164438 0.379193 0.0328876 0.0264606
0 0.524808 0.583406 0.0435128 0.0200731
0 0.567222 0.586447 0.0528171 0.0246853
0 0.703344 0.53657 0.0494219 0.0366738
0 0.486193 0.5575 0.0618883 0.0256317
0 0.649976 0.51955 0.130524 0.0655656
0 0.407265 0.383259 0.215269 0.0671025
0 0.539615 0.583954 0.0757525 0.0228156
