0 0.303703 0.672867 0.0485736 0.0495408
0 0.855954 0.426999 0.0601287 0.0693367
0 0.29601 0.420884 0.054333 0.0360847
0 0.36942 0.653361 0.0449511 0.0470929
0 0.462428 0.386687 0.0461484 0.0229272
0 0.778852 0.481733 0.0606481 0.0381446
0 0.182775 0.358176 0.0838041 0.0632519
0 0.350009 0.383845 0.0415335 0.0778793
0 0.679695 0.21185 0.0801719 0.108667
0 0.553412 0.624419 0.0607388 0.0327693
0 0.506526 0.320552 0.22458 0.113545
0 0.533861 0.308995 0.190471 0.105176
0 0.464917 0.324691 0.106537 0.0709304
0 0.338583 0.388482 0.0596864 0.0897083
0 0.55385 0.316289 0.139334 0.114723
0 0.562892 0.286393 0.132579 0.0805696
0 0.554025 0.284596 0.0984842 0.0694405
0 0.502442 0.326061 0.174782 0.0969424
0 0.666579 0.209553 0.118851 0.108037
