0 0.540687 0.361391 0.0685364 0.0493746
0 0.573428 0.237159 0.0363585 0.0544657
0 0.158153 0.360261 0.055941 0.0296871
0 0.57452 0.567536 0.0907974 0.0399051
0 0.447737 0.267121 0.0887182 0.0469714
0 0.451478 0.652081 0.0946773 0.0353525
0 0.266296 0.401044 0.0384557 0.0576245
0 0.0265112 0.442853 0.0446898 0.044887
0 0.401032 0.34969 0.163782 0.106717
0 0.368375 0.419374 0.0990286 0.0335891
0 0.371321 0.424506 0.0888773 0.0219327
0 0.0996309 0.465881 0.0802225 0.0343822
0 0.0223659 0.474999 0.0327073 0.0657897
0 0.413147 0.355006 0.128824 0.090708
0 0.0339089 0.445751 0.0623256 0.0495424
