0 0.508925 0.323407 0.128792 0.0827231
0 0.723796 0.19321 0.0439494 0.0573905
0 0.893273 0.446939 0.0588474 0.0474805
0 0.79517 0.436403 0.086647 0.0894564
0 0.0203905 0.403018 0.040781 0.031399
0 0.107346 0.379092 0.0826539 0.0287637
0 0.329164 0.405361 0.0485847 0.0833578
0 0.515609 0.61727 0.0968775 0.0382721
0 0.70624 0.536738 0.0732462 0.0573483
0 0.254374 0.305651 0.033729 0.0206979
0 0.368843 0.618609 0.0424207 0.0234079
0 0.511735 0.586991 0.0809553 0.0243388
0 0.276374 0.43073 0.0385097 0.0323309
0 0.973537 0.907803 0.0497524 0.0373166
0 0.512527 0.589297 0.0922346 0.0313797
0 0.30864 0.403877 0.0815433 0.0846622
