0 0.0970439 0.493178 0.038132 0.0477246
0 0.336654 0.256148 0.0517502 0.031613
0 0.77974 0.446791 0.0716552 0.0515516
0 0.395868 0.6392 0.0413249 0.0299019
0 0.674014 0.508636 0.0985628 0.0489881
0 0.274823 0.416194 0.0550231 0.0288121
0 0.462561 0.257142 0.0468507 0.0396482
0 0.717548 0.204176 0.0547719 0.033639
0 0.367087 0.366167 0.10238 0.0838842
0 0.549898 0.218889 0.111738 0.0737467
0 0.587604 0.239814 0.196137 0.117008
0 0.44359 0.343632 0.12134 0.101984
0 0.36227 0.371546 0.0913854 0.064333
0 0.488424 0.257843 0.108884 0.0523815
0 0.646012 0.324047 0.032985 0.0311667
0 0.40518 0.349042 0.2075 0.116571
0 0.459069 0.340237 0.168978 0.115619
0 0.606504 0.253486 0.14362 0.105676
