0 0.0422112 0.494743 0.0844225 0.0365064
0 0.767698 0.479837 0.0518582 0.0400879
0 0.846086 0.442215 0.0363336 0.0364634
0 0.513408 0.355678 0.184423 0.0788288
0 0.759743 0.536808 0.081831 0.0551937
0 0.0450979 0.384311 0.0901958 0.0248609
0 0.106689 0.42096 0.0719585 0.0290045
0 0.689537 0.20581 0.0431865 0.0610725
0 0.276428 0.421511 0.0776646 0.0913115
0 0.528828 0.568595 0.0716841 0.022042
0 0.358358 0.358272 0.0416079 0.0846608
0 0.389461 0.395737 0.0979483 0.0561091
0 0.921762 0.851103 0.040639 0.0232886
0 0.391694 0.394251 0.104743 0.0785626
0 0.633451 0.286591 0.0662302 0.0260091
0 0.290484 0.411199 0.0748812 0.0844593
