0 0.116189 0.513584 0.11997 0.036406
0 0.512042 0.319225 0.0902804 0.0406637
0 0.393114 0.579486 0.0565191 0.0455937
0 0.698791 0.504754 0.0865078 0.034684
0 0.638393 0.189611 0.0797153 0.0694058
0 0.515431 0.276076 0.0463082 0.0277746
0 0.739054 0.440134 0.0613432 0.0364169
0 0.502557 0.572189 0.081336 0.0516628
0 0.809671 0.411332 0.0364058 0.0282011
0 0.289982 0.42297 0.0394809 0.0229605
0 0.362257 0.372512 0.0565578 0.105235
0 0.277924 0.277155 0.0325624 0.0255978
0 0.512676 0.560381 0.0979555 0.0755794
0 0.547315 0.533465 0.0822496 0.0547125
0 0.369536 0.347561 0.0393589 0.0727098
0 0.527685 0.552849 0.115491 0.090253
0 0.536493 0.535646 0.102262 0.0665311
