0 0.785032 0.145123 0.068105 0.0532453
0 0.131845 0.368631 0.0580377 0.0351497
0 0.747605 0.484151 0.144433 0.111805
0 0.16123 0.530704 0.0675933 0.0435627
0 0.857533 0.406048 0.0386565 0.0502918
0 0.509028 0.3629 0.0500296 0.0197732
0 0.579268 0.282689 0.219236 0.126823
0 0.368216 0.407749 0.131261 0.0338131
0 0.681791 0.155706 0.0429066 0.0352193
0 0.736896 0.489439 0.114943 0.0966649
0 0.507852 0.361081 0.0585493 0.0243095
0 0.372132 0.362139 0.0409685 0.0402375
0 0.603702 0.275888 0.161687 0.104152
0 0.36629 0.399635 0.128745 0.0545571
0 0.574266 0.279066 0.176598 0.107251
0 0.593052 0.267496 0.217368 0.0912821
