0 0.710389 0.54548 0.0547978 0.0345628
0 0.0401416 0.489495 0.0725762 0.0246654
0 0.719673 0.172296 0.0471673 0.0777768
0 0.799578 0.505829 0.0678236 0.0329363
0 0.421058 0.598035 0.103609 0.0538473
0 0.539827 0.289167 0.0356045 0.0353594
0 0.294139 0.273393 0.1072 0.0284594
0 0.27123 0.401352 0.048242 0.060551
0 0.4727 0.304219 0.0557966 0.0315766
0 0.121409 0.526575 0.0417281 0.0264871
0 0.504465 0.358631 0.109434 0.0619762
0 0.447201 0.375465 0.22174 0.0735071
0 0.464343 0.356486 0.20566 0.0803057
0 0.65919 0.59159 0.0482457 0.0325818
0 0.485581 0.358655 0.151377 0.0651374
0 0.398492 0.360233 0.117551 0.0860693
0 0.320007 0.39344 0.0399687 0.0586244
0 0.445294 0.364981 0.23497 0.102347
0 0.484566 0.320242 0.0942324 0.0542107
