0 0.238882 0.301588 0.100942 0.0639125
0 0.0756067 0.429685 0.0925949 0.0387381
0 0.297787 0.443108 0.0865718 0.0656385
0 0.514174 0.307198 0.123119 0.0914985
0 0.0315959 0.489178 0.0631919 0.0450353
0 0.767672 0.454566 0.0759654 0.100534
0 0.683102 0.229994 0.0905572 0.0821114
0 0.532498 0.306678 0.177037 0.101297
0 0.777639 0.490423 0.0568695 0.0737619
0 0.306113 0.424296 0.107018 0.112108
0 0.325642 0.404827 0.068894 0.108042
0 0.677211 0.190179 0.0628197 0.0437667
0 0.547153 0.287538 0.184246 0.0718109
0 0.338773 0.38615 0.0418042 0.0742384
0 0.129447 0.380406 0.036046 0.0284327
