0 0.806331 0.390025 0.055598 0.0382346
0 0.352103 0.617656 0.0602598 0.0565253
0 0.74884 0.459423 0.0809531 0.0554979
0 0.586243 0.189466 0.188509 0.0963587
0 0.728834 0.512658 0.0881926 0.0295527
0 0.461768 0.32836 0.0453835 0.0313748
0 0.480698 0.366501 0.092378 0.0436891
0 0.361232 0.36668 0.0517585 0.110801
0 0.297294 0.406722 0.0532424 0.0350927
0 0.493735 0.307831 0.0600005 0.0417122
0 0.297213 0.398706 0.054668 0.0491058
0 0.604747 0.582314 0.0259998 0.0272394
0 0.362204 0.352993 0.039398 0.0920354
