0 0.240573 0.330527 0.0688407 0.0493479
0 0.544 0.568571 0.0824864 0.03038
0 0.616402 0.21311 0.0518203 0.037017
0 0.64687 0.272605 0.0723419 0.0544823
0 0.542729 0.27404 0.100495 0.0462321
0 0.423758 0.393767 0.0727707 0.0471475
0 0.517383 0.320748 0.0841322 0.0318823
0 0.293635 0.425183 0.0360564 0.023429
0 0.752803 0.437673 0.0797292 0.0638813
0 0.372207 0.377849 0.0637282 0.0931706
0 0.799044 0.476155 0.0703847 0.065305
0 0.740038 0.449692 0.110834 0.0880546
0 0.716285 0.482065 0.135355 0.0652443
0 0.411236 0.382551 0.111302 0.0747259
0 0.779771 0.470327 0.111598 0.0836959
0 0.666113 0.327639 0.0288713 0.027115
0 0.400932 0.379407 0.108447 0.0911309
0 0.376519 0.327865 0.033365 0.0327758
0 0.756508 0.458239 0.140565 0.10964
