0 0.27355 0.407581 0.0365611 0.0526021
0 0.832169 0.45054 0.0423821 0.0275456
0 0.440931 0.357067 0.149223 0.0870059
0 0.194821 0.318607 0.0445434 0.0292759
0 0.424969 0.574354 0.108012 0.0563672
0 0.0571188 0.463101 0.111865 0.0628774
0 0.483159 0.602116 0.0764109 0.0344143
0 0.714928 0.508428 0.111044 0.0576758
0 0.33265 0.387136 0.0389078 0.0506622
0 0.576839 0.35756 0.0498862 0.0297056
0 0.598886 0.546639 0.0705116 0.0250685
0 0.587883 0.569484 0.0939939 0.0235316
0 0.473205 0.590435 0.0990788 0.0535541
0 0.12751 0.372813 0.0531359 0.0326093
0 0.575649 0.325251 0.0497899 0.0393704
0 0.515671 0.301778 0.0595144 0.0918919
0 0.588917 0.550329 0.0954484 0.0311149
