0 0.39357 0.611285 0.0862498 0.0450644
0 0.0883578 0.484507 0.0822546 0.0521653
0 0.640155 0.296038 0.07412 0.0355302
0 0.440213 0.287496 0.051609 0.0404509
0 0.722558 0.201407 0.0840034 0.0790655
0 0.509613 0.618043 0.097928 0.0235066
0 0.293946 0.436987 0.0884447 0.0387171
0 0.280634 0.410374 0.0877748 0.0732366
0 0.699469 0.534458 0.161283 0.110888
0 0.441652 0.3738 0.230759 0.0802052
0 0.265933 0.409435 0.0572935 0.0672294
0 0.305059 0.398671 0.0452651 0.0561193
0 0.737984 0.194283 0.109282 0.0944006
0 0.295835 0.425133 0.10008 0.0665937
0 0.477291 0.36196 0.134313 0.0678635
0 0.604139 0.350749 0.0395488 0.0377935
0 0.415897 0.364466 0.152371 0.0999969
0 0.752895 0.191865 0.0774326 0.0837497
0 0.71784 0.207739 0.0699604 0.0636536
0 0.714098 0.526274 0.120392 0.0971524
0 0.457192 0.36344 0.182978 0.0734874
0 0.489345 0.350264 0.0950103 0.051572
0 0.0171908 0.477996 0.0309299 0.0222539
