0 0.527321 0.571128 0.102079 0.0227863
0 0.27701 0.406355 0.045305 0.0713893
0 0.0506367 0.410764 0.101273 0.0417947
0 0.714293 0.498739 0.0627968 0.046418
0 0.561242 0.299912 0.0581229 0.0550799
0 0.458003 0.347528 0.207656 0.120878
0 0.796238 0.498498 0.080404 0.0490404
0 0.0787956 0.495656 0.0705726 0.037257
0 0.799269 0.50413 0.0684264 0.0348828
0 0.728907 0.212191 0.0320485 0.0388756
0 0.787739 0.481249 0.085973 0.0689117
0 0.776395 0.453455 0.0630252 0.0469021
0 0.452383 0.307862 0.0936512 0.0785408
0 0.452911 0.314732 0.116357 0.0894908
0 0.280016 0.405742 0.057593 0.0840449
0 0.788541 0.491804 0.100394 0.0656976
