0 0.251817 0.424421 0.0429738 0.0447969
0 0.0276352 0.417149 0.0552703 0.0409914
0 0.573032 0.617793 0.0506842 0.0269382
0 0.591908 0.328998 0.0699542 0.0256507
0 0.428193 0.358363 0.176447 0.0875026
0 0.713248 0.561579 0.086784 0.0655491
0 0.747508 0.482243 0.098426 0.074734
0 0.576447 0.278081 0.0488966 0.0634361
0 0.454098 0.301145 0.0357363 0.0229527
0 0.306958 0.384817 0.0364898 0.047568
0 0.604522 0.276642 0.0636805 0.0538507
0 0.413974 0.356457 0.159129 0.115594
0 0.117474 0.379701 0.0681837 0.024754
0 0.506865 0.589117 0.0563333 0.0242168
0 0.746418 0.490958 0.123476 0.0834295
0 0.826363 0.47581 0.0568097 0.040418
