0 0.272029 0.405831 0.0366076 0.0539973
0 0.0754569 0.462818 0.0976773 0.069628
0 0.047431 0.3843 0.094862 0.0330789
0 0.400904 0.618545 0.0730174 0.0494666
0 0.332093 0.388044 0.0385885 0.050595
0 0.465953 0.353312 0.191058 0.0985116
0 0.513476 0.60951 0.0555707 0.0186931
0 0.860937 0.500183 0.0329238 0.0518876
0 0.728842 0.506549 0.215435 0.117192
0 0.555874 0.30702 0.160074 0.103623
0 0.568778 0.330365 0.133745 0.0859011
0 0.547693 0.554048 0.151362 0.0342442
0 0.519794 0.290131 0.0665333 0.0736023
0 0.553786 0.552927 0.120067 0.0300062
0 0.751679 0.497779 0.144598 0.0971509
0 0.501259 0.323997 0.229473 0.136384
0 0.515477 0.555435 0.179328 0.0409992
0 0.525255 0.298424 0.084341 0.0882958
0 0.520157 0.606776 0.0668885 0.0246118
