0 0.449495 0.603131 0.105553 0.0482168
0 0.589051 0.558322 0.0653116 0.0319384
0 0.333023 0.358789 0.0522416 0.0992535
0 0.495659 0.302534 0.181006 0.0884378
0 0.261579 0.422737 0.0370005 0.020754
0 0.683562 0.226572 0.101185 0.0686663
0 0.692553 0.234435 0.082804 0.0485596
0 0.024277 0.442994 0.048554 0.0243008
0 0.652162 0.231618 0.165702 0.0641337
0 0.610378 0.24169 0.0875278 0.0407569
0 0.0287858 0.445455 0.0575717 0.0297266
0 0.539048 0.35986 0.0948389 0.0233337
0 0.477186 0.313832 0.181464 0.129279
0 0.690786 0.220923 0.0603819 0.0643417
0 0.0230575 0.434788 0.0461149 0.0354555
