0 0.676294 0.224305 0.0590529 0.0536855
0 0.749003 0.482306 0.0914336 0.0439046
0 0.208342 0.326516 0.10611 0.0567453
0 0.514484 0.538528 0.0512202 0.0314285
0 0.293805 0.454661 0.110245 0.0945302
0 0.0715019 0.436878 0.0663807 0.0348592
0 0.0374398 0.515755 0.0608831 0.0226983
0 0.848714 0.456871 0.0468774 0.0439272
0 0.656695 0.289407 0.0656693 0.055474
0 0.901673 0.434891 0.0506182 0.0729507
0 0.524418 0.307747 0.154106 0.0982132
0 0.858805 0.424415 0.0293905 0.0347533
0 0.513071 0.322073 0.208888 0.137179
0 0.652864 0.28508 0.0704596 0.0720699
0 0.531456 0.294328 0.145898 0.0820339
0 0.58048 0.241483 0.0759674 0.0373408
