0 0.0461416 0.392266 0.0606554 0.0401831
0 0.520027 0.323643 0.1202 0.0953633
0 0.681966 0.18099 0.0888112 0.0863637
0 0.292584 0.437842 0.0479329 0.0523573
0 0.510796 0.624006 0.163033 0.065475
0 0.352661 0.378284 0.0395951 0.0699242
0 0.606872 0.582911 0.135715 0.0798401
0 0.609459 0.567398 0.0897703 0.0486107
0 0.494188 0.244581 0.0463668 0.0241336
0 0.580582 0.585974 0.198065 0.0885253
0 0.0408576 0.495863 0.0514363 0.0241889
0 0.752702 0.214535 0.034508 0.0353485
0 0.61185 0.238688 0.0324366 0.0279626
0 0.616328 0.575803 0.1039 0.0636132
0 0.498854 0.241301 0.0446029 0.0187578
0 0.532372 0.626268 0.216385 0.0823126
