0 0.673415 0.485079 0.0928526 0.0424714
0 0.0970521 0.383865 0.068861 0.0300865
0 0.252847 0.299431 0.04171 0.0340044
0 0.0250706 0.421019 0.0501413 0.0350254
0 0.266606 0.45358 0.0807762 0.0981254
0 0.44793 0.348383 0.169118 0.110534
0 0.671475 0.289869 0.103386 0.112144
0 0.540328 0.260144 0.0973783 0.0788647
0 0.339786 0.374678 0.0855249 0.0943831
0 0.65375 0.295811 0.141084 0.112016
0 0.557817 0.552076 0.0362103 0.0163584
0 0.388233 0.403505 0.078056 0.0445326
0 0.388097 0.411028 0.0710707 0.032997
