0 0.592971 0.236288 0.12019 0.0838203
0 0.851234 0.426636 0.0567818 0.0512456
0 0.632664 0.603529 0.088044 0.0487282
0 0.0590523 0.412145 0.098553 0.034311
0 0.289072 0.417693 0.100288 0.0918701
0 0.098227 0.45163 0.0610348 0.0288317
0 0.496862 0.360622 0.136598 0.0979566
0 0.0798576 0.502638 0.120715 0.0352397
0 0.070413 0.481189 0.126187 0.036352
0 0.0523373 0.479963 0.0910145 0.0297348
0 0.71837 0.509192 0.0337501 0.0278529
0 0.496309 0.331247 0.0924526 0.0352143
0 0.0759396 0.487945 0.134714 0.0504844
0 0.497146 0.353111 0.104497 0.0793974
0 0.477153 0.367485 0.172166 0.0887961
0 0.418519 0.398651 0.142782 0.0811861
0 0.375824 0.34831 0.0761659 0.0720251
0 0.0772101 0.452235 0.109634 0.0407113
0 0.352247 0.340064 0.0285591 0.055079
0 0.392924 0.40987 0.145529 0.0844884
0 0.421108 0.376471 0.16033 0.118792
0 0.448419 0.391562 0.23933 0.117257
