0 0.834503 0.478116 0.0685066 0.0438523
0 0.0298545 0.457216 0.0597089 0.0262491
0 0.463661 0.5494 0.0951656 0.0330873
0 0.10066 0.386859 0.0336166 0.0269977
0 0.45089 0.652008 0.0445281 0.0327935
0 0.674179 0.218321 0.0569316 0.0737441
0 0.576885 0.245679 0.0871019 0.0660057
0 0.525286 0.586043 0.0707424 0.0216131
0 0.741348 0.191782 0.0327451 0.0431937
0 0.444974 0.325216 0.106172 0.0566154
0 0.332485 0.391464 0.0642213 0.119724
0 0.287229 0.426532 0.0587028 0.034855
0 0.518065 0.614 0.0645261 0.0317016
0 0.291293 0.422817 0.075114 0.0442407
0 0.344412 0.380586 0.049978 0.0939978
0 0.328339 0.398676 0.0661269 0.0907349
0 0.52154 0.609653 0.0729776 0.0403287
0 0.53567 0.292624 0.0808823 0.0724506
