0 0.390849 0.634448 0.0596299 0.0375896
0 0.0422483 0.403669 0.0827485 0.0386106
0 0.843911 0.458298 0.0580428 0.0472624
0 0.890396 0.39782 0.0449224 0.0467871
0 0.531247 0.633123 0.0527722 0.023688
0 0.296887 0.421814 0.0528406 0.033201
0 0.352159 0.384464 0.0395891 0.0822027
0 0.462271 0.265134 0.0954685 0.0220938
0 0.605093 0.265651 0.196548 0.132825
0 0.481562 0.329237 0.139536 0.098906
0 0.619217 0.255392 0.153213 0.120847
0 0.484783 0.36477 0.132866 0.0784605
0 0.466395 0.320393 0.109721 0.0844336
0 0.628845 0.233783 0.140476 0.0797541
0 0.338616 0.386647 0.063327 0.0966376
