0 0.378615 0.618306 0.0843521 0.0463588
0 0.199859 0.506511 0.046268 0.037519
0 0.682348 0.542891 0.060346 0.0480555
0 0.30578 0.277027 0.0321925 0.0297357
0 0.0333448 0.450326 0.0666897 0.0271822
0 0.371695 0.404568 0.179351 0.0595672
0 0.562625 0.29362 0.130638 0.0872188
0 0.767947 0.468879 0.0733054 0.0695118
0 0.379672 0.397221 0.176188 0.0825825
0 0.529587 0.276734 0.0579621 0.0379218
0 0.785567 0.141994 0.0415527 0.0331054
0 0.647404 0.170889 0.0550883 0.0443324
0 0.386094 0.335891 0.0258125 0.0193228
