0 0.558403 0.290915 0.133442 0.0795095
0 0.350424 0.621102 0.0499423 0.0325005
0 0.443737 0.553391 0.0595558 0.0240567
0 0.155397 0.529098 0.0946531 0.0530295
0 0.791014 0.530353 0.0994908 0.0424674
0 0.0359085 0.451319 0.0647635 0.023965
0 0.768371 0.165508 0.0288231 0.0357588
0 0.343509 0.415748 0.106817 0.0407115
0 0.462618 0.243042 0.0378081 0.0260099
0 0.385709 0.338088 0.0312843 0.0245142
0 0.340416 0.384393 0.113172 0.0890154
0 0.767057 0.156233 0.0272679 0.0483432
0 0.37172 0.372158 0.0461906 0.0658939
