0 0.503587 0.58842 0.0782033 0.0373209
0 0.611941 0.296012 0.0977067 0.0560018
0 0.658728 0.569638 0.0992523 0.0707853
0 0.486607 0.638946 0.0949069 0.0287502
0 0.508056 0.269089 0.0629152 0.0296617
0 0.25909 0.420089 0.0388522 0.0528554
0 0.599667 0.293803 0.137284 0.0589091
0 0.312792 0.395002 0.0586355 0.053607
0 0.445878 0.363241 0.0511784 0.056643
0 0.397176 0.359599 0.0767108 0.086653
0 0.0108564 0.431398 0.021507 0.0234279
0 0.583504 0.292666 0.103733 0.0351732
0 0.413323 0.361268 0.113631 0.0760031
0 0.37286 0.361511 0.111243 0.101949
