0 0.053865 0.455369 0.051892 0.0226836
0 0.59801 0.222457 0.0842431 0.0574561
0 0.300107 0.406928 0.10746 0.088246
0 0.425891 0.413567 0.0952201 0.03141
0 0.362944 0.65236 0.163053 0.0769907
0 0.467011 0.659751 0.0534853 0.0325191
0 0.688291 0.524235 0.216767 0.0851124
0 0.553796 0.359129 0.0259588 0.0606161
0 0.399599 0.602873 0.071473 0.0253351
0 0.338864 0.651474 0.114174 0.0685587
0 0.530136 0.617911 0.0736597 0.0237045
0 0.39558 0.351327 0.069555 0.106704
0 0.487551 0.362034 0.0562161 0.0310574
0 0.716084 0.522619 0.15112 0.0815589
0 0.38139 0.349655 0.0471222 0.0971578
0 0.414905 0.351192 0.10316 0.0937693
0 0.373666 0.640017 0.130315 0.0491952
0 0.372993 0.351693 0.0672812 0.0987867
