0 0.756662 0.221631 0.0835557 0.085002
0 0.0923083 0.383434 0.0555872 0.0325578
0 0.211568 0.333364 0.0657325 0.0425847
0 0.27864 0.42324 0.0593365 0.0373645
0 0.0390495 0.481042 0.078099 0.0273607
0 0.785328 0.969927 0.0902588 0.0601465
0 0.86706 0.460967 0.035898 0.0272566
0 0.619005 0.632156 0.0308837 0.0240341
0 0.507027 0.262436 0.0496592 0.0388612
0 0.322787 0.36664 0.0403522 0.0849468
0 0.481645 0.355379 0.216525 0.121051
0 0.0200016 0.412077 0.0400031 0.0253263
0 0.719182 0.538125 0.065353 0.0279577
0 0.602233 0.27687 0.0617571 0.0732019
0 0.587638 0.277488 0.0877926 0.0747025
0 0.810449 0.487263 0.0352936 0.023473
