0 0.461635 0.65025 0.0860138 0.0547065
0 0.625697 0.579684 0.0876594 0.0463841
0 0.776436 0.483793 0.0614538 0.0329764
0 0.590405 0.347363 0.0870821 0.0500299
0 0.304101 0.408894 0.114887 0.0867327
0 0.485566 0.259755 0.135517 0.0859561
0 0.181968 0.496654 0.0996153 0.0334111
0 0.524306 0.401094 0.0709701 0.0268499
0 0.0756168 0.406845 0.129962 0.044907
0 0.0937501 0.452022 0.10227 0.0435199
0 0.412039 0.350829 0.10795 0.105116
0 0.578989 0.236395 0.0477356 0.0703451
0 0.0802244 0.416028 0.128428 0.0502106
0 0.392426 0.348681 0.0974194 0.110974
0 0.366276 0.352316 0.153026 0.121206
