0 0.696067 0.249039 0.102734 0.0921937
0 0.480099 0.612523 0.0856357 0.0304348
0 0.72595 0.522933 0.167357 0.118729
0 0.015328 0.433742 0.030656 0.0319031
0 0.369035 0.376343 0.0680354 0.0928161
0 0.527224 0.313071 0.179096 0.108256
0 0.632868 0.62848 0.0949013 0.0376978
0 0.743708 0.506421 0.105319 0.0892385
0 0.312361 0.407669 0.0568747 0.0464546
0 0.56262 0.315475 0.104442 0.107617
0 0.0483687 0.472018 0.0564899 0.0270559
0 0.743044 0.5165 0.128477 0.114544
0 0.323889 0.394383 0.0805424 0.0735875
0 0.338391 0.383841 0.115554 0.0941643
0 0.474415 0.323283 0.0993351 0.0613158
