0 0.829871 0.443471 0.0593777 0.0428756
0 0.7606 0.526943 0.0488477 0.0274163
0 0.2775 0.296857 0.0702865 0.050643
0 0.098215 0.523047 0.0407653 0.0265682
0 0.553395 0.618021 0.133773 0.0360632
0 0.0293516 0.45125 0.0587031 0.0255271
0 0.0493381 0.389806 0.0335409 0.0239456
0 0.566371 0.559974 0.0915451 0.0339379
0 0.599806 0.270027 0.1517 0.124923
0 0.310204 0.413958 0.0572097 0.0355448
0 0.481485 0.32991 0.0971537 0.0489386
0 0.373426 0.37842 0.0633553 0.104786
0 0.450287 0.392671 0.0579643 0.0346805
0 0.611826 0.253879 0.118277 0.0984606
0 0.3124 0.408973 0.0699223 0.043589
0 0.598773 0.296208 0.162889 0.142434
