0 0.65765 0.235314 0.0612618 0.0444905
0 0.438887 0.241946 0.0948715 0.0286323
0 0.191066 0.342596 0.0892836 0.0385907
0 0.549215 0.571798 0.119635 0.0675297
0 0.817002 0.439089 0.0508701 0.0455022
0 0.0147497 0.418368 0.0294994 0.0310515
0 0.362232 0.38445 0.0513046 0.0835281
0 0.547354 0.277712 0.092777 0.0348934
0 0.720528 0.503047 0.0637233 0.0321548
0 0.293253 0.423951 0.0397189 0.0247592
0 0.513193 0.317326 0.0810409 0.0362468
0 0.519975 0.310259 0.085205 0.0532568
0 0.341908 0.65324 0.0365442 0.0285916
0 0.757853 0.447902 0.0364325 0.0518835
0 0.511887 0.322879 0.0792041 0.0262474
0 0.747632 0.465617 0.0509453 0.0763944
