0 0.77099 0.478988 0.0542977 0.0290027
0 0.605846 0.273934 0.135631 0.0967472
0 0.659896 0.512752 0.115073 0.0552509
0 0.698756 0.184886 0.0584171 0.0693255
0 0.513689 0.37018 0.107785 0.0491112
0 0.0763194 0.505335 0.069392 0.0238126
0 0.0440938 0.444734 0.0881876 0.0694966
0 0.596952 0.277112 0.167953 0.112693
0 0.452476 0.318279 0.105522 0.0422597
0 0.0158747 0.392457 0.0317495 0.0199575
0 0.509383 0.256499 0.0701746 0.0247545
0 0.306324 0.399422 0.118824 0.0898074
0 0.321569 0.368395 0.102733 0.116657
0 0.29236 0.408732 0.103771 0.0669562
0 0.305258 0.382977 0.129386 0.120812
0 0.71509 0.26706 0.0386263 0.0434888
0 0.658666 0.499448 0.106731 0.0346196
