0 0.40894 0.586268 0.0646921 0.0588229
0 0.091176 0.462666 0.0872545 0.0328556
0 0.223208 0.487747 0.0961365 0.0594383
0 0.836282 0.459576 0.0786874 0.0468558
0 0.747594 0.449248 0.0546727 0.0362135
0 0.489761 0.323972 0.0974984 0.0623162
0 0.584821 0.216153 0.0414762 0.0421626
0 0.650719 0.213283 0.0736642 0.077686
0 0.378858 0.372511 0.0851122 0.0890391
0 0.660659 0.517593 0.183578 0.0656574
0 0.683302 0.501767 0.141669 0.0420372
0 0.288078 0.414364 0.0389094 0.025707
0 0.697144 0.495929 0.105519 0.0380567
0 0.622 0.521502 0.110949 0.0467519
