0 0.618734 0.304269 0.0817351 0.02707
0 0.641931 0.219484 0.064157 0.0840937
0 0.373867 0.598264 0.065159 0.0557165
0 0.0659669 0.413593 0.0668559 0.0270637
0 0.46963 0.313113 0.104416 0.0766699
0 0.287945 0.430504 0.0551628 0.0279354
0 0.772867 0.469593 0.102494 0.0831907
0 0.765946 0.482995 0.106729 0.114944
0 0.436087 0.384342 0.0706851 0.0190716
0 0.47769 0.308294 0.130393 0.0941504
0 0.342015 0.394919 0.0464441 0.0891281
0 0.747697 0.497968 0.0821879 0.098304
0 0.516845 0.226165 0.0763745 0.0232344
0 0.0239007 0.424614 0.0436668 0.0236919
0 0.344432 0.381975 0.0417395 0.0676709
0 0.77699 0.45959 0.120665 0.0639653
0 0.472432 0.595337 0.112067 0.0363519
