0 0.336533 0.410554 0.118064 0.0600177
0 0.593129 0.522145 0.126855 0.0445433
0 0.720499 0.21632 0.0476284 0.0464218
0 0.728095 0.469496 0.136331 0.0657014
0 0.501822 0.620108 0.100116 0.0289078
0 0.705179 0.162923 0.0553043 0.0413771
0 0.116666 0.387773 0.0397519 0.0258473
0 0.505924 0.325179 0.153849 0.0993774
0 0.682614 0.204976 0.0503452 0.0414901
0 0.556198 0.265561 0.107439 0.0539495
0 0.528237 0.307945 0.154378 0.138359
0 0.551303 0.27308 0.1215 0.0706233
0 0.499634 0.616155 0.106037 0.039206
0 0.699863 0.208686 0.0886762 0.0662013
0 0.54898 0.29039 0.142352 0.107157
0 0.0174574 0.429297 0.0349148 0.0348203
0 0.425895 0.558564 0.0428616 0.0248499
