0 0.72294 0.465337 0.0502902 0.0328512
0 0.412272 0.572506 0.114589 0.0624026
0 0.276571 0.417544 0.0645074 0.034885
0 0.0814058 0.462847 0.0375454 0.0315493
0 0.501612 0.262638 0.0600308 0.0445404
0 0.454793 0.342393 0.128795 0.0681075
0 0.546654 0.525683 0.0517166 0.0219777
0 0.62114 0.262559 0.114104 0.0966785
0 0.346395 0.362179 0.0582644 0.106258
0 0.554231 0.226655 0.0261953 0.0468657
0 0.454666 0.335152 0.163684 0.0945662
0 0.629773 0.256345 0.100554 0.076249
0 0.347428 0.370751 0.0535324 0.0770853
0 0.554305 0.228875 0.0329452 0.0608257
0 0.638739 0.322232 0.0528698 0.0306084
0 0.345912 0.347949 0.0476801 0.0980362
0 0.569234 0.302215 0.112832 0.0887352
