0 0.68895 0.241062 0.0899847 0.066564
0 0.464348 0.620972 0.0828648 0.0493958
0 0.874406 0.435022 0.0663977 0.060649
0 0.373721 0.625608 0.0605774 0.0432241
0 0.292012 0.42162 0.0538444 0.0352168
0 0.61614 0.53775 0.0910457 0.0229714
0 0.0392963 0.411783 0.0765708 0.0260032
0 0.572458 0.350319 0.039592 0.0391293
0 0.476549 0.321303 0.114935 0.0868044
0 0.203167 0.33095 0.0580878 0.053251
0 0.391296 0.406692 0.0813055 0.0370064
0 0.386926 0.387013 0.107761 0.0833486
0 0.387396 0.401734 0.0949355 0.0493263
0 0.190158 0.337124 0.0828561 0.0688933
0 0.509319 0.297173 0.0868392 0.0480747
0 0.367674 0.37812 0.0681265 0.0758262
0 0.463782 0.329043 0.115868 0.0893728
