0 0.766051 0.499987 0.0968597 0.0497082
0 0.477371 0.950001 0.0518816 0.0714352
0 0.972832 0.677449 0.0358535 0.0362725
0 0.260817 0.788604 0.0738412 0.0189605
0 0.502345 0.750141 0.0468791 0.0364521
0 0.133648 0.328266 0.0341059 0.0173899
0 0.30114 0.704058 0.0487294 0.0687519
0 0.255435 0.724829 0.044714 0.0266097
0 0.432632 0.447678 0.0326543 0.0345043
0 0.512208 0.757033 0.0699815 0.0521196
0 0.250505 0.727413 0.0529518 0.027549
0 0.307699 0.715696 0.0471152 0.0807273
0 0.52642 0.763428 0.0481093 0.0509145
