0 0.500275 0.729465 0.0742196 0.0578674
0 0.284523 0.686989 0.0446839 0.0615509
0 0.449794 0.917758 0.0359892 0.0653245
0 0.449506 0.0900695 0.0471892 0.0463479
0 0.775075 0.491325 0.0974863 0.0553401
0 0.350664 0.379636 0.0290045 0.0388481
0 0.681665 0.355232 0.0312599 0.0657634
0 0.534231 0.178729 0.0754428 0.124188
0 0.86981 0.52492 0.0534599 0.0688068
0 0.880874 0.451119 0.0281272 0.0341102
0 0.400855 0.0764733 0.0418836 0.0245938
0 0.321838 0.469298 0.116499 0.0925879
0 0.392426 0.524993 0.0950121 0.0643158
0 0.52466 0.165218 0.0632162 0.0925735
0 0.540264 0.659132 0.0214583 0.0437515
0 0.338876 0.489022 0.124312 0.112961
0 0.375747 0.501827 0.15292 0.113586
