0 0.728197 0.332148 0.0569793 0.0565855
0 0.492408 0.725255 0.0756154 0.0612085
0 0.516867 0.179725 0.0686777 0.0786707
0 0.275559 0.683031 0.0457108 0.062449
0 0.319873 0.471392 0.129948 0.0996135
0 0.809347 0.541619 0.031646 0.0632256
0 0.443903 0.991288 0.0335388 0.0174246
0 0.777153 0.497241 0.0301619 0.0301958
0 0.311508 0.46181 0.108122 0.0803849
0 0.38535 0.523248 0.0904313 0.0603167
0 0.349895 0.491997 0.168618 0.121224
0 0.368811 0.500625 0.142457 0.107242
0 0.375541 0.515127 0.118682 0.0808672
