0 0.316787 0.708763 0.0422428 0.0588366
0 0.529814 0.747667 0.0712176 0.0582484
0 0.8753 0.586799 0.0457445 0.0240352
0 0.383322 0.398267 0.0289505 0.031651
0 0.42492 0.546482 0.0764084 0.0572249
0 0.491893 0.94725 0.0326302 0.0542223
0 0.573098 0.255693 0.0792882 0.0761568
0 0.716674 0.34181 0.031826 0.0618043
0 0.344829 0.483734 0.10098 0.0922555
0 0.560017 0.191988 0.0723338 0.0488634
0 0.415702 0.54268 0.0974411 0.0663115
0 0.565222 0.211786 0.0848335 0.0854228
0 0.581237 0.207947 0.067487 0.0665482
0 0.241399 0.773771 0.0358091 0.018568
