0 0.507909 0.731065 0.0741187 0.0587058
0 0.294167 0.686774 0.0497948 0.063141
0 0.516382 0.185605 0.0461773 0.0430578
0 0.880439 0.592916 0.0509764 0.0723575
0 0.36181 0.381184 0.0340015 0.0349671
0 0.399174 0.527159 0.0969501 0.0646796
0 0.341136 0.471832 0.120706 0.0960764
0 0.324039 0.466532 0.0922906 0.0836242
0 0.549204 0.659024 0.019307 0.0386257
0 0.349681 0.483719 0.121472 0.108982
0 0.386621 0.519903 0.123083 0.0871162
0 0.945484 0.565253 0.0234711 0.0359876
0 0.378738 0.502905 0.153974 0.114007
