0 0.489765 0.950332 0.0359717 0.0434082
0 0.316474 0.712659 0.041786 0.0605416
0 0.527524 0.748666 0.0678356 0.0600061
0 0.567478 0.199765 0.0856965 0.0622245
0 0.888877 0.636111 0.040431 0.0179296
0 0.882921 0.554367 0.0480005 0.100134
0 0.422544 0.547949 0.0837278 0.0571603
0 0.808233 0.450386 0.0385034 0.0229827
0 0.383747 0.402796 0.0284588 0.0337006
0 0.880039 0.540995 0.0467558 0.0716438
0 0.346983 0.486744 0.105343 0.0967051
0 0.33953 0.472148 0.0943462 0.0677435
0 0.408501 0.538056 0.118346 0.078302
