0 0.315854 0.705778 0.0412219 0.0546355
0 0.527273 0.74484 0.0694709 0.0587825
0 0.485257 0.940202 0.0415583 0.0597119
0 0.562475 0.188601 0.0735182 0.070831
0 0.640665 0.272503 0.0814308 0.0358433
0 0.383035 0.397667 0.0304228 0.031814
0 0.428678 0.103074 0.0377845 0.0938827
0 0.237569 0.768142 0.0367712 0.0142275
0 0.345588 0.482609 0.101438 0.0906473
0 0.425409 0.541622 0.078459 0.0614525
0 0.769315 0.404312 0.0217431 0.0617517
0 0.423579 0.0990684 0.0253888 0.0821009
0 0.729466 0.359501 0.0396255 0.0987877
0 0.768216 0.395367 0.0275924 0.0819731
0 0.432178 0.114272 0.0375576 0.0637378
0 0.412539 0.532295 0.104857 0.0811484
0 0.729425 0.37169 0.0351616 0.0789412
