0 0.315679 0.713767 0.0428296 0.0616344
0 0.529007 0.752034 0.0603338 0.0535183
0 0.555557 0.205946 0.0782585 0.0797737
0 0.41529 0.548894 0.0963962 0.0568293
0 0.381978 0.404561 0.0299264 0.0318652
0 0.404298 0.538013 0.124712 0.0794477
0 0.753887 0.415792 0.0953244 0.0813884
0 0.743704 0.413356 0.0760274 0.0721081
0 0.343338 0.48922 0.100609 0.0910144
0 0.336992 0.471247 0.0861367 0.0611626
0 0.777096 0.458696 0.0949455 0.114978
0 0.761797 0.439359 0.107888 0.123982
0 0.359359 0.497123 0.0964301 0.0921868
0 0.395453 0.527658 0.127322 0.10148
