0 0.478511 0.72389 0.0743833 0.0545342
0 0.265838 0.683901 0.0424969 0.0565463
0 0.899216 0.596947 0.0792673 0.0456991
0 0.82708 0.572033 0.0455279 0.0218011
0 0.659896 0.301903 0.0473057 0.0907475
0 0.445102 0.930033 0.0247768 0.0489345
0 0.300618 0.4661 0.107738 0.0823761
0 0.373888 0.523996 0.0939 0.0623598
0 0.334066 0.377367 0.0329258 0.034648
0 0.432774 0.987793 0.0339937 0.0222522
0 0.360664 0.522395 0.121009 0.07102
0 0.665763 0.306067 0.0327144 0.079059
0 0.347853 0.502183 0.158782 0.114713
