0 0.720001 0.359214 0.0424793 0.0593003
0 0.454716 0.925807 0.0370114 0.0579298
0 0.498823 0.731173 0.0773585 0.0581027
0 0.281446 0.687062 0.0464591 0.0634418
0 0.424377 0.0721122 0.0370729 0.0448203
0 0.765235 0.461351 0.0430892 0.0448807
0 0.321862 0.468171 0.128818 0.0987993
0 0.843259 0.422384 0.0364611 0.0338833
0 0.347751 0.376624 0.0302429 0.0333651
0 0.388946 0.524929 0.0949619 0.0629935
0 0.990089 0.630146 0.018925 0.0435317
0 0.772069 0.46989 0.0474817 0.0623767
0 0.340942 0.490087 0.147498 0.119691
0 0.369154 0.503354 0.158585 0.113226
0 0.380836 0.520338 0.118501 0.0783299
