0 0.506828 0.730999 0.0745056 0.057713
0 0.696723 0.308133 0.0485306 0.0358261
0 0.376651 0.0216591 0.0616746 0.0349772
0 0.293903 0.688644 0.0444533 0.0591779
0 0.519097 0.189071 0.0560702 0.0418687
0 0.35993 0.382333 0.0320959 0.0384532
0 0.547941 0.660924 0.0200981 0.035203
0 0.398051 0.526398 0.101475 0.0662585
0 0.329663 0.471219 0.112142 0.0871893
0 0.350837 0.474642 0.12593 0.0934488
0 0.590981 0.174414 0.0540507 0.0267491
0 0.846556 0.547887 0.0342081 0.0478854
0 0.386226 0.518134 0.125873 0.0867133
0 0.380668 0.502343 0.155488 0.114938
