0 0.503935 0.732287 0.0737834 0.0546902
0 0.285369 0.686598 0.0446358 0.0610512
0 0.628487 0.270176 0.0324612 0.0548638
0 0.446502 0.900731 0.0286835 0.056819
0 0.790413 0.446957 0.0397747 0.0487916
0 0.904404 0.629445 0.0337132 0.0467001
0 0.690806 0.382918 0.0375292 0.0281906
0 0.351596 0.38036 0.0299083 0.0367293
0 0.33566 0.48217 0.129669 0.109083
0 0.317432 0.468741 0.106061 0.0877042
0 0.356558 0.492507 0.152216 0.115941
0 0.386174 0.523855 0.109053 0.069121
0 0.378756 0.512566 0.129018 0.0941617
0 0.375592 0.500902 0.156538 0.115588
