0 0.525207 0.737947 0.0723069 0.056965
0 0.31263 0.695752 0.0473074 0.0638119
0 0.379836 0.386723 0.0328634 0.0384495
0 0.56541 0.202739 0.0741334 0.0804062
0 0.863921 0.493036 0.053968 0.0481418
0 0.949202 0.640249 0.0294085 0.0378172
0 0.715018 0.383496 0.0738637 0.0526664
0 0.353425 0.485399 0.117101 0.103942
0 0.71718 0.391625 0.0841026 0.0732406
0 0.742963 0.403786 0.0461996 0.0582589
0 0.823422 0.516924 0.0267465 0.0353475
0 0.643227 0.530889 0.0217402 0.0430086
0 0.471131 0.914479 0.0282859 0.0595305
0 0.419965 0.532397 0.0900741 0.0640709
0 0.235334 0.757855 0.0355201 0.0175331
0 0.728551 0.396666 0.0804721 0.0806357
0 0.408444 0.526646 0.108058 0.0783066
0 0.342786 0.468553 0.0987569 0.0773255
0 0.396341 0.506508 0.154734 0.119201
