0 0.842677 0.552277 0.0455604 0.0530145
0 0.269286 0.682555 0.0433483 0.0572848
0 0.350736 0.0101254 0.0468322 0.0202509
0 0.48369 0.727241 0.0730054 0.0560368
0 0.442603 0.923075 0.0266811 0.051295
0 0.701834 0.404913 0.0858941 0.0713606
0 0.375317 0.522878 0.0935338 0.0628823
0 0.434489 0.989377 0.0381117 0.0205195
0 0.364386 0.52029 0.11803 0.0743991
0 0.337058 0.379165 0.0280716 0.0323001
0 0.509972 0.199721 0.0289912 0.0191695
0 0.301348 0.46763 0.106964 0.0822289
0 0.318124 0.477095 0.0998092 0.0912471
0 0.570719 0.225357 0.0206704 0.0344903
