0 0.27028 0.682003 0.0466098 0.0596601
0 0.396615 0.0634267 0.0665204 0.0526367
0 0.61764 0.314424 0.0449426 0.0566515
0 0.485735 0.726818 0.0756264 0.0609552
0 0.454422 0.959146 0.049961 0.0776012
0 0.693369 0.395168 0.0775812 0.104092
0 0.380674 0.524441 0.088861 0.0597148
0 0.340295 0.378735 0.0322229 0.0374429
0 0.30365 0.466559 0.105127 0.0806872
0 0.680681 0.385425 0.0543995 0.0975301
0 0.53384 0.196557 0.0426052 0.0408539
0 0.577822 0.260903 0.0183892 0.0226088
0 0.565334 0.228575 0.0288066 0.0365429
0 0.538382 0.202578 0.055243 0.0521139
0 0.446381 0.963907 0.0565414 0.0721855
