0 0.52455 0.737197 0.0734144 0.0561802
0 0.480759 0.932168 0.0353649 0.067482
0 0.311788 0.693837 0.041868 0.0594606
0 0.378522 0.385321 0.0329015 0.0396184
0 0.573216 0.202316 0.0694399 0.0704763
0 0.471434 0.112948 0.0388383 0.0682581
0 0.619655 0.274565 0.0429276 0.054827
0 0.679967 0.341057 0.0450945 0.0404811
0 0.722099 0.336154 0.0444131 0.0973454
0 0.371738 0.491844 0.148125 0.115476
0 0.730627 0.342134 0.0308018 0.0802638
0 0.919182 0.593635 0.0448645 0.039341
0 0.348306 0.479539 0.115404 0.0925208
0 0.399864 0.507215 0.143766 0.117982
0 0.406971 0.523793 0.113035 0.0828495
0 0.642844 0.529564 0.0197113 0.0379336
0 0.341528 0.46487 0.0980414 0.0726885
0 0.719114 0.323388 0.0438142 0.0736648
