0 0.316749 0.706634 0.0428576 0.0548539
0 0.528062 0.744737 0.0661938 0.0567096
0 0.790945 0.46097 0.0727777 0.0750615
0 0.485018 0.939252 0.043451 0.0593264
0 0.697724 0.351562 0.0252206 0.0564218
0 0.693005 0.609323 0.058193 0.0795407
0 0.787147 0.361166 0.0632443 0.0450387
0 0.235794 0.767704 0.0388193 0.0128961
0 0.554719 0.189496 0.0827186 0.0713105
0 0.385039 0.39754 0.0281495 0.0319772
0 0.554003 0.199519 0.0932288 0.087176
0 0.549176 0.211598 0.0890334 0.0700447
0 0.349946 0.488414 0.107389 0.0964774
0 0.41827 0.538703 0.0941384 0.0679562
0 0.170642 0.724892 0.0403454 0.0217135
0 0.406893 0.528161 0.117793 0.0886321
0 0.395219 0.50782 0.16673 0.121008
