0 0.52654 0.738634 0.0697892 0.053695
0 0.481134 0.931184 0.0335371 0.0706742
0 0.412935 0.0929334 0.0764557 0.0602159
0 0.567082 0.199516 0.0733629 0.0684231
0 0.378578 0.383995 0.0333828 0.0372213
0 0.31159 0.693718 0.0405577 0.0618846
0 0.696757 0.347087 0.074178 0.0779061
0 0.769022 0.476529 0.0571309 0.0206779
0 0.697499 0.332649 0.0715773 0.116391
0 0.348384 0.481575 0.108193 0.0949529
0 0.424132 0.532293 0.0779268 0.0625656
0 0.64337 0.529021 0.0218046 0.0403373
0 0.697052 0.314164 0.0558963 0.0877518
0 0.34148 0.46675 0.0972992 0.075196
0 0.674652 0.274157 0.0323185 0.0445684
0 0.551512 0.5789 0.0228568 0.0192716
0 0.415526 0.527733 0.0984701 0.083173
0 0.397963 0.506713 0.147136 0.119728
