0 0.299978 0.688812 0.0451562 0.0637124
0 0.512633 0.733592 0.0736535 0.0589923
0 0.398924 0.040901 0.0428336 0.0261488
0 0.715746 0.342786 0.0511506 0.0974017
0 0.474443 0.936911 0.0348067 0.0548151
0 0.553422 0.664446 0.0242838 0.0356491
0 0.366795 0.38094 0.0321372 0.0347859
0 0.52967 0.191794 0.0722669 0.0792421
0 0.539527 0.180475 0.089445 0.109297
0 0.396721 0.526277 0.110748 0.071383
0 0.348253 0.482828 0.134426 0.103938
0 0.551576 0.167443 0.0654769 0.0835847
0 0.332005 0.471485 0.101612 0.0852494
0 0.36228 0.493086 0.157457 0.115426
0 0.386281 0.509748 0.133788 0.106435
0 0.718182 0.324941 0.0496383 0.0606219
0 0.37912 0.504136 0.174027 0.123433
0 0.541407 0.575034 0.023725 0.0176408
