0 0.510891 0.731969 0.0711925 0.0568402
0 0.297623 0.688899 0.0452398 0.063108
0 0.750212 0.369757 0.0883313 0.0720807
0 0.983604 0.635425 0.0316672 0.0392427
0 0.398934 0.527701 0.0986777 0.0644652
0 0.501923 0.113798 0.0322847 0.0181711
0 0.339308 0.472684 0.119828 0.0949544
0 0.364471 0.381522 0.0299985 0.0339806
0 0.857327 0.585186 0.0348287 0.0421289
0 0.892289 0.617217 0.0364029 0.0409784
0 0.471151 0.936193 0.0309736 0.0398754
0 0.385932 0.519889 0.125733 0.087646
0 0.551447 0.661631 0.0188165 0.0356387
0 0.538347 0.573736 0.026768 0.0176053
