0 0.684732 0.392722 0.0379589 0.0704913
0 0.301539 0.0112198 0.0733373 0.0192633
0 0.493733 0.726771 0.0748198 0.0616598
0 0.277301 0.685587 0.0464584 0.0602312
0 0.478801 0.148144 0.0688518 0.0771865
0 0.796626 0.532333 0.0621252 0.0384877
0 0.438918 0.0432009 0.036155 0.0149567
0 0.377073 0.0488543 0.032123 0.0271956
0 0.321105 0.470714 0.129939 0.100033
0 0.386544 0.523994 0.0927975 0.0612945
0 0.311033 0.460711 0.105454 0.078567
0 0.351037 0.492233 0.163721 0.121925
0 0.370161 0.502744 0.146045 0.110338
0 0.377368 0.517004 0.120084 0.0816559
