0 0.270128 0.681651 0.0460297 0.0613706
0 0.718288 0.410641 0.0640488 0.0424154
0 0.483899 0.725928 0.074012 0.0578052
0 0.834326 0.543503 0.0390368 0.032984
0 0.594612 0.26022 0.0794122 0.0528718
0 0.280665 0.0278622 0.0427737 0.0557243
0 0.679382 0.289784 0.0284325 0.0483218
0 0.33911 0.37977 0.032337 0.0329567
0 0.381016 0.524462 0.0869721 0.0596745
0 0.790011 0.474119 0.0537362 0.049358
0 0.970093 0.610774 0.0423405 0.0642666
0 0.441921 0.924022 0.026264 0.0473088
0 0.302079 0.466723 0.105208 0.08083
0 0.313989 0.471279 0.0821257 0.0759885
0 0.611423 0.270106 0.0472445 0.0590456
0 0.440425 0.989883 0.035247 0.0202346
