0 0.510702 0.732263 0.0720713 0.0574701
0 0.873217 0.577136 0.0443006 0.0785635
0 0.29731 0.688851 0.0449396 0.0636042
0 0.694722 0.311244 0.0658399 0.0592072
0 0.819436 0.445533 0.0474737 0.0723231
0 0.363004 0.381512 0.0333551 0.0351878
0 0.345321 0.476715 0.135275 0.103701
0 0.39294 0.526623 0.113424 0.0713148
0 0.330804 0.470435 0.109658 0.0873277
0 0.383412 0.513213 0.132287 0.100567
0 0.550126 0.659183 0.0184646 0.0366504
0 0.36118 0.49823 0.144228 0.114511
0 0.53962 0.574194 0.0259285 0.0167954
