0 0.246419 0.300302 0.0839069 0.0551195
0 0.526278 0.739977 0.0699225 0.0560549
0 0.706658 0.329965 0.0421654 0.0479742
0 0.715173 0.396832 0.0639443 0.0411763
0 0.314658 0.698354 0.0467229 0.0628277
0 0.474404 0.925462 0.0288659 0.0644789
0 0.603142 0.230061 0.0360782 0.0542589
0 0.943096 0.625266 0.0622013 0.0429876
0 0.857518 0.467339 0.0480734 0.0919892
0 0.3816 0.387854 0.0310345 0.0363477
0 0.362782 0.489333 0.137474 0.113825
0 0.236483 0.759476 0.0356028 0.015238
0 0.346464 0.480331 0.108042 0.0919739
0 0.343292 0.467885 0.099939 0.0760173
0 0.396838 0.506339 0.157167 0.115666
0 0.414445 0.529948 0.100201 0.0675343
0 0.404942 0.522601 0.116735 0.0843055
