0 0.519937 0.734196 0.0720303 0.0571992
0 0.306489 0.690146 0.0439643 0.0626893
0 0.911653 0.537523 0.0796664 0.0652919
0 0.782366 0.41948 0.0676601 0.0772486
0 0.742482 0.453889 0.0376587 0.0267981
0 0.922368 0.60556 0.0418649 0.0610671
0 0.37291 0.382783 0.0329946 0.0310063
0 0.690318 0.314989 0.0489907 0.080301
0 0.409 0.527112 0.0951426 0.0677676
0 0.334812 0.466782 0.0939165 0.0787778
0 0.734988 0.31178 0.023442 0.0730425
0 0.351434 0.483402 0.121721 0.108056
0 0.788392 0.42455 0.0509924 0.0690269
0 0.396396 0.515003 0.127883 0.101456
0 0.699035 0.313535 0.0739551 0.082972
0 0.472978 0.939472 0.0273358 0.0415978
0 0.369151 0.496702 0.153513 0.121666
