0 0.804243 0.42646 0.0917127 0.0512882
0 0.267851 0.682261 0.0444001 0.0591904
0 0.417154 0.0468185 0.0369894 0.0676085
0 0.48245 0.725206 0.0740782 0.0566015
0 0.614533 0.289956 0.0413249 0.0190127
0 0.506385 0.152162 0.0552732 0.0297475
0 0.378794 0.524793 0.0851352 0.0579876
0 0.299779 0.466232 0.106953 0.079666
0 0.336697 0.379656 0.0299417 0.0342026
0 0.434993 0.988737 0.0380001 0.0214374
0 0.662985 0.359184 0.0404725 0.0558348
0 0.441976 0.924487 0.0251977 0.0463467
0 0.659846 0.324075 0.037071 0.0373657
