0 0.299879 0.688306 0.0448005 0.0632701
0 0.512449 0.732221 0.0718061 0.0588394
0 0.960141 0.625614 0.0748365 0.0719221
0 0.3144 0.0347416 0.0523462 0.0365552
0 0.556865 0.179443 0.0311327 0.0528004
0 0.716467 0.304489 0.0533166 0.0958961
0 0.407525 0.530619 0.0872157 0.0604067
0 0.641696 0.307718 0.0191212 0.039988
0 0.365385 0.38042 0.0325834 0.033913
0 0.473331 0.936651 0.0331676 0.0532742
0 0.718937 0.290557 0.0388608 0.0702674
0 0.332061 0.472025 0.100952 0.0858828
0 0.502932 0.1328 0.0406409 0.0188127
0 0.397832 0.528968 0.10676 0.0719039
0 0.541291 0.575049 0.0230157 0.0165559
