0 0.524968 0.737054 0.0716063 0.0553551
0 0.679257 0.341539 0.0480559 0.0406369
0 0.477608 0.929798 0.0330427 0.0701432
0 0.311309 0.693205 0.0424107 0.0611081
0 0.574164 0.203049 0.0681033 0.0612367
0 0.377226 0.382502 0.0317439 0.0337396
0 0.37245 0.491278 0.1501 0.1137
0 0.397966 0.505706 0.144481 0.115489
0 0.349961 0.479979 0.116986 0.0911222
0 0.628636 0.293299 0.0269623 0.0294803
0 0.40424 0.521538 0.116221 0.0858914
0 0.643026 0.528391 0.0196114 0.0375018
0 0.413344 0.529224 0.0997462 0.0691057
