0 0.616206 0.238724 0.045217 0.0481803
0 0.527493 0.740382 0.0689678 0.053924
0 0.244697 0.769163 0.0643793 0.0315592
0 0.313387 0.69643 0.0467614 0.0616601
0 0.381082 0.389628 0.0306752 0.0332026
0 0.841083 0.427589 0.0584102 0.0896833
0 0.72446 0.378002 0.0860691 0.107971
0 0.445468 0.111198 0.0438287 0.0393589
0 0.346873 0.482437 0.107056 0.0983503
0 0.719251 0.377554 0.0622566 0.0988872
0 0.421329 0.534674 0.090282 0.0667107
0 0.473116 0.919983 0.0245645 0.0558479
0 0.553955 0.580552 0.0240088 0.0187929
0 0.342589 0.468586 0.0991962 0.0751773
0 0.411089 0.52999 0.107805 0.0782852
0 0.732672 0.38164 0.1141 0.11853
