0 0.834577 0.471212 0.0737329 0.0684664
0 0.490106 0.948901 0.036736 0.0503163
0 0.317983 0.708556 0.0496131 0.0605528
0 0.432203 0.116506 0.0672914 0.0638891
0 0.563024 0.195471 0.0914371 0.0641999
0 0.528593 0.747621 0.0655012 0.0562373
0 0.749374 0.372996 0.0669398 0.0827087
0 0.383318 0.398277 0.0309652 0.0317448
0 0.425504 0.54758 0.0774406 0.0568268
0 0.738191 0.37583 0.0462947 0.0895715
0 0.344658 0.48529 0.105415 0.0911629
0 0.412499 0.540557 0.108161 0.0722029
0 0.341759 0.471575 0.0973632 0.0728196
