0 0.509116 0.732069 0.0738584 0.0585563
0 0.876642 0.615792 0.0372254 0.0351162
0 0.295252 0.686869 0.0445679 0.0613502
0 0.449711 0.0877348 0.0743744 0.0803623
0 0.475182 0.984542 0.0486328 0.0289061
0 0.360987 0.381828 0.0299439 0.0342703
0 0.39776 0.527615 0.103764 0.0678282
0 0.330114 0.471242 0.113035 0.0882546
0 0.348201 0.475232 0.133033 0.098256
0 0.386161 0.517008 0.127504 0.092656
0 0.618076 0.258689 0.022989 0.0423221
0 0.380227 0.503481 0.159146 0.118401
0 0.548824 0.658713 0.0193112 0.0343089
0 0.974883 0.639628 0.0273547 0.0527067
0 0.507024 0.177436 0.0287664 0.0212103
