0 0.521346 0.734331 0.0724188 0.0564852
0 0.307002 0.689731 0.0428069 0.0622332
0 0.475394 0.936565 0.0417697 0.0626929
0 0.47551 0.122779 0.0921412 0.0790625
0 0.675811 0.255196 0.0238256 0.0594449
0 0.811089 0.412848 0.0672784 0.121244
0 0.372916 0.382615 0.0325756 0.0319959
0 0.798264 0.402755 0.0685457 0.0882621
0 0.363685 0.488607 0.144439 0.115509
0 0.403103 0.523686 0.108078 0.0751489
0 0.344827 0.476788 0.119015 0.093391
0 0.695098 0.341087 0.0240703 0.0317681
0 0.824142 0.431269 0.0416136 0.0805854
0 0.392531 0.507006 0.138857 0.11301
0 0.411832 0.528408 0.0949215 0.0620741
0 0.723928 0.453375 0.0346314 0.0257941
0 0.795537 0.391347 0.0703368 0.0673404
