0 0.520132 0.73409 0.0738189 0.0570561
0 0.307205 0.691006 0.042704 0.0597453
0 0.47697 0.929934 0.0413417 0.0608653
0 0.676402 0.270345 0.0627719 0.02951
0 0.485171 0.089292 0.0480731 0.0834302
0 0.748184 0.334748 0.0706654 0.103759
0 0.676121 0.337678 0.043149 0.0435187
0 0.372583 0.384192 0.0320719 0.0343103
0 0.334698 0.462963 0.0931642 0.0712862
0 0.375523 0.489933 0.164421 0.123773
0 0.401556 0.525285 0.108792 0.0744222
0 0.353825 0.480896 0.138394 0.108987
0 0.394615 0.509535 0.128575 0.10995
0 0.546692 0.576004 0.0267452 0.0201769
