0 0.315896 0.712073 0.0426083 0.0611565
0 0.52893 0.750176 0.0628061 0.0568212
0 0.55884 0.183581 0.0490277 0.0400825
0 0.728827 0.401784 0.0350078 0.0270185
0 0.487527 0.950426 0.0315878 0.0463343
0 0.817229 0.481689 0.0852597 0.103399
0 0.65888 0.311275 0.0742162 0.0584056
0 0.421082 0.549478 0.0864133 0.0567381
0 0.382592 0.400354 0.0309941 0.0302671
0 0.481314 0.106827 0.0328083 0.0326151
0 0.412456 0.544902 0.109499 0.0663424
0 0.342736 0.486795 0.101353 0.0900114
0 0.340253 0.473215 0.0945943 0.0711507
