0 0.283052 0.685378 0.0445622 0.0620811
0 0.498446 0.728697 0.0746698 0.0587971
0 0.9471 0.58954 0.0663226 0.0580993
0 0.840273 0.437096 0.056643 0.0581663
0 0.349282 0.378779 0.0317577 0.0366784
0 0.396818 0.527304 0.0843676 0.0607187
0 0.690943 0.44511 0.0274959 0.0588924
0 0.441981 0.915127 0.0245457 0.0526909
0 0.315694 0.465693 0.10257 0.0843486
0 0.721511 0.312318 0.0289413 0.057124
0 0.377935 0.50618 0.145912 0.108378
0 0.500561 0.147384 0.0369546 0.0508426
0 0.327979 0.485269 0.104868 0.10292
0 0.539659 0.658671 0.0223476 0.0413852
