0 0.528143 0.742034 0.0675723 0.0562673
0 0.359798 0.0271469 0.0555157 0.0536855
0 0.964157 0.572234 0.0398359 0.0285685
0 0.316619 0.700337 0.0434514 0.059157
0 0.837792 0.491977 0.0847626 0.0628054
0 0.381498 0.3895 0.0310354 0.0322818
0 0.481449 0.936024 0.0305532 0.0483567
0 0.348208 0.485036 0.103649 0.0976515
0 0.702109 0.337146 0.0413879 0.0834583
0 0.238773 0.76135 0.0347694 0.0152395
0 0.425524 0.53554 0.0786393 0.0648763
0 0.707794 0.35275 0.063483 0.111753
0 0.33843 0.466565 0.0891862 0.0660031
0 0.764452 0.447365 0.0367649 0.049391
0 0.411195 0.528276 0.104886 0.0789411
0 0.75978 0.39271 0.0780122 0.0610893
0 0.707464 0.377515 0.0634849 0.0642914
0 0.813474 0.458449 0.0611544 0.0589174
0 0.738473 0.360233 0.12534 0.121421
0 0.738711 0.377384 0.128799 0.0819978
