0 0.504188 0.729902 0.0718392 0.0525069
0 0.88629 0.963745 0.05053 0.0700898
0 0.461305 0.930392 0.032848 0.0487013
0 0.287495 0.686914 0.0461187 0.0613829
0 0.843183 0.566228 0.0354179 0.031528
0 0.353807 0.381858 0.0318032 0.0366069
0 0.673583 0.387807 0.0303416 0.0192817
0 0.643011 0.291549 0.0610509 0.0799065
0 0.329271 0.470776 0.123143 0.0960408
0 0.389257 0.523887 0.100384 0.0640861
0 0.69078 0.336236 0.0317523 0.036204
0 0.346833 0.488311 0.139643 0.114481
0 0.542758 0.657505 0.018917 0.0424533
0 0.576458 0.231924 0.0798306 0.0524372
0 0.568003 0.226312 0.0774279 0.047195
0 0.558284 0.220229 0.0572176 0.0363867
0 0.380917 0.517681 0.122781 0.0827155
0 0.374107 0.501311 0.152935 0.112632
