0 0.317496 0.706588 0.0436755 0.0556101
0 0.526495 0.744873 0.0710011 0.0592892
0 0.486843 0.160933 0.0558869 0.0705194
0 0.605991 0.211582 0.0349302 0.0723389
0 0.383287 0.398328 0.0286439 0.03183
0 0.348173 0.485123 0.103921 0.0970532
0 0.421306 0.543912 0.0866003 0.0595167
0 0.550954 0.184815 0.0466816 0.0588945
0 0.23801 0.770985 0.0366982 0.0151688
0 0.695301 0.292796 0.0304697 0.0326556
0 0.40683 0.530068 0.119297 0.0872408
0 0.342758 0.471396 0.097744 0.0716439
0 0.626366 0.283592 0.0581512 0.0329438
