0 0.488674 0.728333 0.0735923 0.0596125
0 0.274166 0.684635 0.044403 0.0606687
0 0.623809 0.312472 0.0600183 0.0566678
0 0.708791 0.295996 0.0312598 0.0447955
0 0.493214 0.140936 0.107181 0.103143
0 0.340832 0.37622 0.0328026 0.0361605
0 0.440636 0.990544 0.0338824 0.0189122
0 0.37443 0.519593 0.0987388 0.0667942
0 0.362195 0.507913 0.128245 0.0959809
0 0.30046 0.46255 0.097273 0.0792751
0 0.513618 0.192675 0.0822335 0.110815
0 0.315955 0.472789 0.12734 0.102233
0 0.338713 0.486643 0.153997 0.12137
0 0.449156 0.932215 0.0285609 0.0409763
