0 0.525968 0.738363 0.0725132 0.0560482
0 0.853671 0.519093 0.0385799 0.0463339
0 0.481563 0.930939 0.0398064 0.0697911
0 0.30954 0.691511 0.0459313 0.064183
0 0.377966 0.385189 0.0340871 0.0371591
0 0.704619 0.353754 0.0892503 0.0689127
0 0.368301 0.491235 0.143738 0.111686
0 0.643076 0.529258 0.0217919 0.0401521
0 0.694456 0.29007 0.0657011 0.0559138
0 0.52997 0.185829 0.141825 0.0917737
0 0.545606 0.19141 0.1144 0.0832326
0 0.348208 0.480469 0.115653 0.0907378
0 0.706756 0.339554 0.0890818 0.0990772
0 0.39901 0.50646 0.147518 0.117409
0 0.407537 0.523136 0.109537 0.0823394
0 0.416647 0.529969 0.0949399 0.0666668
0 0.704906 0.307766 0.0860386 0.0903401
0 0.502848 0.159956 0.120894 0.0570448
0 0.523096 0.171328 0.15268 0.08129
0 0.342722 0.466489 0.101239 0.0739105
0 0.551418 0.579031 0.0235102 0.0206493
