0 0.316702 0.704956 0.0409248 0.0556616
0 0.52827 0.744115 0.0693856 0.0561713
0 0.485638 0.938145 0.0404431 0.0549769
0 0.744107 0.442052 0.0439887 0.0257399
0 0.383472 0.392592 0.0313577 0.034284
0 0.241041 0.766665 0.0437776 0.0165929
0 0.34828 0.486766 0.104506 0.0997491
0 0.421909 0.537632 0.0896157 0.0679493
0 0.409389 0.526716 0.116463 0.0886382
0 0.662854 0.317225 0.0240151 0.0387266
0 0.567319 0.248075 0.0355763 0.029157
0 0.555722 0.584109 0.0254679 0.0214424
0 0.3419 0.470293 0.0947439 0.0692426
