0 0.265985 0.683478 0.0434522 0.057566
0 0.476651 0.724126 0.0752528 0.0547912
0 0.699674 0.383776 0.0457046 0.0229557
0 0.906381 0.583283 0.0465255 0.0640221
0 0.60901 0.26292 0.0366194 0.0286381
0 0.856498 0.613034 0.0504448 0.0172644
0 0.375811 0.524561 0.0916598 0.0616779
0 0.335562 0.377524 0.0296938 0.0370201
0 0.545776 0.166271 0.0602472 0.0576093
0 0.444479 0.931865 0.0241827 0.0450525
0 0.300044 0.465714 0.106091 0.0813053
0 0.449418 0.141911 0.0692489 0.0778009
0 0.456078 0.147023 0.0587504 0.0612487
0 0.432439 0.987397 0.0332937 0.0223889
0 0.440515 0.136748 0.0527772 0.0688043
0 0.466537 0.14746 0.0921382 0.0753787
0 0.351668 0.503058 0.152525 0.111601
0 0.533231 0.158339 0.0722718 0.0618993
