0 0.317552 0.706954 0.0443369 0.0553975
0 0.485438 0.939862 0.0411484 0.0585051
0 0.528817 0.745682 0.0673847 0.0580152
0 0.549342 0.167614 0.0596523 0.0419124
0 0.730217 0.362804 0.0373833 0.111541
0 0.384939 0.397235 0.0288511 0.0325204
0 0.663188 0.279734 0.0419872 0.039818
0 0.238056 0.768491 0.0344135 0.0142193
0 0.660512 0.245824 0.0645213 0.0248632
0 0.347466 0.484657 0.10638 0.0964477
0 0.586529 0.260314 0.0406458 0.0400112
0 0.73454 0.372805 0.0391096 0.0984541
0 0.418574 0.539597 0.0936695 0.0655353
0 0.727298 0.350377 0.0317402 0.0820319
0 0.407534 0.52967 0.118347 0.0862839
0 0.662799 0.273038 0.0559096 0.0561205
0 0.359545 0.492513 0.127024 0.104928
