0 0.500018 0.730537 0.0753338 0.0589554
0 0.283813 0.686792 0.045548 0.0632441
0 0.451207 0.918594 0.0352113 0.0648887
0 0.79313 0.500888 0.0809441 0.0526335
0 0.913674 0.564023 0.0750804 0.0467155
0 0.924283 0.637372 0.0320752 0.0490065
0 0.349587 0.37875 0.0299904 0.0350358
0 0.396303 0.0676534 0.122681 0.0492641
0 0.497165 0.130869 0.0579879 0.110598
0 0.317916 0.467063 0.10373 0.0860049
0 0.378141 0.0597151 0.0818921 0.0360044
0 0.335667 0.475967 0.115217 0.0997667
0 0.390898 0.524925 0.0993759 0.0665722
0 0.48874 0.123051 0.0711918 0.116625
0 0.353561 0.490421 0.134554 0.115879
0 0.377273 0.501893 0.150705 0.113528
0 0.382269 0.518672 0.120813 0.0829184
0 0.499123 0.145319 0.0513157 0.0880539
