0 0.522438 0.734513 0.0748552 0.0568202
0 0.640235 0.236856 0.0578905 0.053546
0 0.477223 0.92751 0.0307721 0.0667744
0 0.749772 0.485095 0.0491893 0.0358651
0 0.310209 0.691742 0.0421048 0.0611863
0 0.684439 0.339718 0.0665354 0.0879903
0 0.376972 0.383417 0.0306299 0.0363714
0 0.366888 0.49195 0.128571 0.109604
0 0.74128 0.305988 0.0350105 0.035946
0 0.407721 0.525137 0.105311 0.0754238
0 0.4174 0.530188 0.0906842 0.060782
0 0.350127 0.481705 0.124205 0.0990505
0 0.399136 0.506437 0.135928 0.116593
0 0.335017 0.461804 0.086653 0.0653977
