0 0.52569 0.738356 0.0713563 0.0559014
0 0.735343 0.382144 0.0538037 0.056011
0 0.482166 0.933443 0.0387126 0.0680835
0 0.312346 0.695138 0.0477276 0.0636308
0 0.567349 0.196242 0.0749357 0.0754498
0 0.37954 0.384511 0.0334468 0.0356557
0 0.353473 0.485756 0.114481 0.10356
0 0.64345 0.531126 0.0211325 0.0406575
0 0.418273 0.530672 0.0946742 0.0664972
0 0.408052 0.523893 0.110767 0.0824183
0 0.398047 0.505468 0.154341 0.119036
0 0.552364 0.57928 0.0247754 0.020555
0 0.342887 0.468103 0.0987387 0.0769969
