0 0.517145 0.734248 0.0723791 0.0581698
0 0.306043 0.689525 0.0438394 0.0616348
0 0.475485 0.935533 0.0385077 0.0555747
0 0.630826 0.213889 0.0576127 0.0425564
0 0.962128 0.599319 0.040386 0.0263393
0 0.768012 0.413599 0.058071 0.0635906
0 0.693025 0.281788 0.0504411 0.0659783
0 0.445259 0.0326299 0.0841907 0.0652597
0 0.707575 0.383379 0.0240926 0.0403893
0 0.370421 0.381586 0.029984 0.0324954
0 0.405349 0.528309 0.0986315 0.0645149
0 0.359621 0.0651243 0.05604 0.0406765
0 0.3326 0.468565 0.0968996 0.083353
0 0.350442 0.481925 0.131005 0.10636
0 0.687503 0.283954 0.0558676 0.0774142
0 0.545924 0.575412 0.0259056 0.0185369
0 0.392992 0.520369 0.127888 0.0894885
