0 0.525691 0.738089 0.0700575 0.0552496
0 0.480559 0.932262 0.0347254 0.0689356
0 0.724333 0.360757 0.0732894 0.0612254
0 0.311025 0.693873 0.0437929 0.0622754
0 0.566915 0.197511 0.0747684 0.0712941
0 0.379204 0.384648 0.0349175 0.0371609
0 0.379969 0.0636154 0.0601803 0.0327797
0 0.855089 0.533681 0.0323293 0.0363504
0 0.348494 0.481088 0.10961 0.0939763
0 0.42483 0.532572 0.0798748 0.0632766
0 0.64367 0.529175 0.0198545 0.0390396
0 0.415074 0.528072 0.0966108 0.0747252
0 0.343145 0.468509 0.100512 0.0783727
0 0.397237 0.506047 0.156137 0.121407
