0 0.387294 0.0502255 0.053091 0.0384756
0 0.317202 0.70675 0.0430034 0.054616
0 0.223769 0.63327 0.0391358 0.0280895
0 0.527667 0.744668 0.0679324 0.0578592
0 0.484999 0.939983 0.0421488 0.0582025
0 0.556235 0.180385 0.0787871 0.0664702
0 0.662021 0.25034 0.0709653 0.0392582
0 0.968207 0.634573 0.0437949 0.0309559
0 0.73525 0.378497 0.0359507 0.0816882
0 0.384286 0.39811 0.0297668 0.0338202
0 0.347266 0.484231 0.104035 0.0932975
0 0.237253 0.769205 0.0360775 0.0137736
0 0.418051 0.541059 0.0952693 0.0644608
0 0.406871 0.531793 0.119668 0.0839379
