0 0.522062 0.734401 0.0737441 0.0580702
0 0.307801 0.689351 0.0443852 0.0637844
0 0.39579 0.0430712 0.0505162 0.0363156
0 0.551957 0.209146 0.0599291 0.0418087
0 0.553075 0.150606 0.0531604 0.0404887
0 0.729904 0.329247 0.0431278 0.0592333
0 0.713951 0.423832 0.0424354 0.0529066
0 0.683902 0.377695 0.0318933 0.0730219
0 0.374242 0.492643 0.143658 0.115266
0 0.376528 0.383232 0.0308276 0.0337179
0 0.403214 0.523797 0.108458 0.07661
0 0.397018 0.505834 0.130265 0.113905
0 0.352318 0.481572 0.133276 0.103587
0 0.333655 0.461362 0.088661 0.0665509
0 0.556535 0.157888 0.0600457 0.0508752
0 0.342496 0.473736 0.110478 0.0873674
0 0.41168 0.52878 0.0958748 0.0630144
0 0.72903 0.320027 0.0395091 0.0671202
