0 0.526262 0.738416 0.0723881 0.0550804
0 0.481574 0.932314 0.0375811 0.0710542
0 0.312715 0.694519 0.046636 0.0637116
0 0.566177 0.196995 0.075103 0.0767431
0 0.921606 0.562194 0.0488486 0.0348537
0 0.379538 0.385113 0.0325238 0.0377645
0 0.731097 0.369883 0.070394 0.0696079
0 0.349579 0.482304 0.10873 0.097441
0 0.643569 0.529557 0.0211219 0.0401897
0 0.420209 0.532636 0.0855618 0.0634363
0 0.754217 0.407968 0.0538011 0.107821
0 0.735995 0.394234 0.0843186 0.127448
0 0.369385 0.0665016 0.0436029 0.0256876
0 0.342031 0.466522 0.0974678 0.0764234
0 0.398255 0.507905 0.146012 0.119243
0 0.764509 0.42611 0.0356069 0.0653927
0 0.4101 0.526459 0.108783 0.0862221
