0 0.492598 0.725902 0.0765448 0.0620949
0 0.381151 0.0438784 0.092783 0.0505554
0 0.47572 0.147964 0.0694579 0.0767379
0 0.27809 0.685918 0.0471799 0.0621681
0 0.454699 0.979206 0.055497 0.0415157
0 0.681301 0.37661 0.0453087 0.101161
0 0.67308 0.371989 0.0649767 0.116985
0 0.316754 0.468315 0.12682 0.0959046
0 0.388305 0.524342 0.0921509 0.060972
0 0.309825 0.460784 0.105111 0.0790237
0 0.44636 0.981453 0.0694235 0.037095
0 0.663378 0.364203 0.0824447 0.117183
0 0.381001 0.521127 0.11479 0.0734093
0 0.371735 0.50569 0.143175 0.106749
0 0.670587 0.351948 0.0722233 0.0893775
0 0.288406 0.00844357 0.0438782 0.0168871
