0 0.816579 0.435132 0.0782237 0.0624724
0 0.270732 0.682187 0.0452458 0.060647
0 0.483977 0.725107 0.0737128 0.0561111
0 0.836026 0.581667 0.0236638 0.0448656
0 0.605677 0.296288 0.0318373 0.0226955
0 0.378599 0.522872 0.0932894 0.0616071
0 0.339036 0.380414 0.0314689 0.0339829
0 0.581506 0.262681 0.0258329 0.0286653
0 0.602936 0.235412 0.0280458 0.0482169
0 0.701986 0.346951 0.0568892 0.0651954
0 0.299753 0.465658 0.10096 0.0826412
0 0.511643 0.189294 0.0300671 0.0423963
0 0.697215 0.33972 0.0630305 0.0851335
0 0.434646 0.989786 0.0378628 0.0204279
0 0.367523 0.520652 0.120117 0.0736734
0 0.44147 0.925695 0.0263114 0.0481776
0 0.313532 0.477251 0.12535 0.0992401
