0 0.507689 0.73246 0.0749894 0.0576072
0 0.293795 0.687265 0.0464039 0.0606618
0 0.405312 0.0370974 0.0859929 0.0495125
0 0.882127 0.505434 0.0518991 0.0726695
0 0.667524 0.325968 0.0224528 0.0669065
0 0.359291 0.382872 0.0311874 0.03504
0 0.585155 0.182932 0.0431578 0.0298721
0 0.517734 0.187943 0.0529717 0.0373539
0 0.328874 0.469027 0.113381 0.0879142
0 0.347595 0.47496 0.147409 0.105275
0 0.393322 0.525574 0.106895 0.0666814
0 0.840981 0.546497 0.0297258 0.0582947
0 0.465929 0.932776 0.0301462 0.045228
0 0.384346 0.516769 0.126707 0.0903367
0 0.876867 0.513968 0.0595578 0.10205
0 0.375301 0.503838 0.158597 0.116652
