0 0.518643 0.734842 0.0718468 0.0575061
0 0.306399 0.690529 0.0421022 0.0598143
0 0.476657 0.936289 0.036672 0.057681
0 0.704787 0.427443 0.0594462 0.0196491
0 0.370944 0.383445 0.0317347 0.0347518
0 0.683103 0.269188 0.117624 0.108593
0 0.899804 0.568118 0.0254215 0.0543621
0 0.369261 0.490148 0.16424 0.119769
0 0.334137 0.468829 0.0993181 0.083019
0 0.35068 0.482087 0.137253 0.108572
0 0.398857 0.524082 0.112636 0.0747721
0 0.546454 0.576224 0.0249605 0.0197043
0 0.708453 0.379632 0.0259621 0.0442526
0 0.390137 0.507149 0.13652 0.111601
0 0.709114 0.371046 0.0237576 0.0461155
0 0.694246 0.279961 0.0976458 0.104387
