0 0.528534 0.744696 0.0663518 0.0570183
0 0.315569 0.701739 0.0416342 0.0610321
0 0.705123 0.300068 0.0560498 0.0463412
0 0.639055 0.233718 0.0391192 0.0540901
0 0.480184 0.936442 0.0393031 0.0550605
0 0.381015 0.390057 0.0326459 0.0331565
0 0.237728 0.762727 0.0383115 0.0137078
0 0.802473 0.452804 0.0256248 0.0345225
0 0.347126 0.482781 0.105437 0.0960469
0 0.719751 0.39816 0.0634528 0.0547636
0 0.424806 0.53648 0.0814341 0.0651842
0 0.892093 0.584335 0.0449911 0.0492781
0 0.725324 0.386619 0.0632132 0.0836051
0 0.751112 0.369052 0.0512116 0.0982721
0 0.9779 0.590446 0.0430111 0.0307273
0 0.56983 0.667481 0.0209239 0.0362808
0 0.742646 0.370543 0.064266 0.110659
0 0.341406 0.46875 0.0952883 0.0687639
0 0.410452 0.529573 0.106792 0.0799272
0 0.555245 0.5827 0.0235405 0.0187004
0 0.912623 0.61127 0.0320811 0.0477388
0 0.361735 0.492015 0.119214 0.103666
0 0.755817 0.345913 0.0368947 0.0934396
