0 0.31605 0.714334 0.0455707 0.0620371
0 0.531091 0.752319 0.0559736 0.0524403
0 0.480714 0.950089 0.0227723 0.0439432
0 0.421301 0.550414 0.0857698 0.0555687
0 0.587049 0.223748 0.132678 0.105138
0 0.382346 0.40407 0.0287958 0.0309547
0 0.343025 0.487881 0.100239 0.0894695
0 0.794397 0.410673 0.0890174 0.0988353
0 0.339206 0.473263 0.0909646 0.0679113
0 0.808869 0.428337 0.116719 0.131716
0 0.573834 0.205746 0.108633 0.076324
0 0.812449 0.448528 0.105923 0.114285
0 0.828154 0.45487 0.110602 0.101839
0 0.594361 0.234002 0.109629 0.0836854
0 0.818596 0.457795 0.0891733 0.087835
