0 0.502878 0.730716 0.073738 0.0532802
0 0.658659 0.298268 0.0510325 0.0557451
0 0.286802 0.687123 0.0446061 0.0616212
0 0.353066 0.378704 0.0311357 0.0365763
0 0.816076 0.428789 0.0332747 0.0411415
0 0.342705 0.0345758 0.0438521 0.0691515
0 0.31812 0.468036 0.101558 0.0861163
0 0.338275 0.480634 0.12674 0.107279
0 0.381573 0.0447118 0.0363138 0.0662622
0 0.385912 0.523522 0.110882 0.0685368
0 0.350672 0.040205 0.0642554 0.0653749
0 0.353465 0.49126 0.140883 0.115502
0 0.541558 0.658222 0.0198259 0.0375971
0 0.376626 0.501299 0.154084 0.114863
0 0.379616 0.512971 0.127919 0.0923671
0 0.442878 0.904096 0.0231196 0.0472353
