0 0.525905 0.73939 0.0734739 0.0583749
0 0.313547 0.695954 0.045567 0.0634189
0 0.706672 0.324113 0.0644281 0.038938
0 0.725565 0.385021 0.0611951 0.0832614
0 0.382152 0.389898 0.0318111 0.035603
0 0.357545 0.487102 0.124621 0.10952
0 0.636392 0.291344 0.0333083 0.0373898
0 0.663549 0.273762 0.0307845 0.0314864
0 0.716988 0.388849 0.0574205 0.0864763
0 0.34623 0.480678 0.107481 0.0928962
0 0.463083 0.899821 0.0257053 0.051934
0 0.416942 0.532799 0.0950814 0.0696713
0 0.405081 0.524351 0.117366 0.0876026
0 0.397609 0.506689 0.15878 0.118232
0 0.342118 0.469135 0.0973502 0.0761818
0 0.234572 0.758586 0.0329972 0.0163085
