0 0.443702 0.110851 0.0734272 0.0520044
0 0.317517 0.708338 0.0402998 0.0529556
0 0.527235 0.745663 0.0715492 0.0577986
0 0.762026 0.37958 0.0423594 0.0744495
0 0.554681 0.193353 0.0537888 0.0684561
0 0.383531 0.398037 0.0294805 0.0314801
0 0.421957 0.544533 0.0871994 0.0584958
0 0.661247 0.297584 0.0581003 0.0574349
0 0.346467 0.484338 0.102841 0.0950149
0 0.239764 0.770706 0.0414692 0.0138127
0 0.409612 0.534666 0.113396 0.0779326
0 0.341751 0.470239 0.0960991 0.0682634
0 0.703553 0.33143 0.0429173 0.0593607
0 0.671876 0.311074 0.0807692 0.0874075
