0 0.527246 0.742099 0.0691931 0.0587299
0 0.314911 0.700207 0.0455103 0.0619873
0 0.963246 0.574379 0.0498762 0.0316916
0 0.856722 0.506862 0.0671917 0.0634547
0 0.712534 0.358502 0.0724659 0.11745
0 0.484161 0.938184 0.0282118 0.0480239
0 0.380211 0.389639 0.0335599 0.0310568
0 0.349021 0.486202 0.108788 0.101844
0 0.239004 0.761337 0.0364177 0.0154653
0 0.420936 0.533996 0.087333 0.0695887
0 0.343689 0.470159 0.101362 0.0736142
0 0.554141 0.582128 0.024905 0.0186646
0 0.408579 0.526388 0.110807 0.0847478
0 0.366293 0.49429 0.127405 0.10841
