0 0.412978 0.036735 0.0690459 0.0402811
0 0.316196 0.7068 0.0445976 0.058367
0 0.531575 0.749318 0.0675051 0.0553477
0 0.613919 0.29409 0.0755181 0.0812376
0 0.383122 0.399226 0.0273833 0.0321752
0 0.563937 0.197683 0.0822625 0.0540206
0 0.423005 0.545594 0.0793093 0.057528
0 0.347201 0.485019 0.103932 0.0950844
0 0.745746 0.333336 0.0311079 0.0372903
0 0.410515 0.537421 0.109721 0.075862
0 0.340586 0.470901 0.0946174 0.0681969
0 0.716889 0.369889 0.0331097 0.0348135
0 0.242156 0.773692 0.0381801 0.0184411
