0 0.317408 0.712909 0.0437064 0.0591855
0 0.529959 0.752672 0.0561719 0.0514379
0 0.966695 0.653308 0.0580242 0.0460607
0 0.622847 0.273431 0.083133 0.0651896
0 0.487851 0.952781 0.0227209 0.038245
0 0.541227 0.184903 0.105158 0.0891784
0 0.417 0.548988 0.0939347 0.056374
0 0.382438 0.40252 0.0288136 0.0285987
0 0.405573 0.538656 0.124251 0.0784421
0 0.345294 0.488177 0.105453 0.0923313
0 0.340538 0.473345 0.094253 0.069306
0 0.442047 0.137025 0.0364049 0.0317717
0 0.35932 0.496238 0.11498 0.0960999
0 0.531609 0.174514 0.113116 0.093244
