0 0.508913 0.732408 0.0730647 0.0578611
0 0.29466 0.687565 0.0475022 0.0610485
0 0.431883 0.0676871 0.0819973 0.0748446
0 0.475666 0.984378 0.046699 0.0288844
0 0.361054 0.381814 0.0313855 0.035639
0 0.398658 0.527851 0.0989264 0.0653044
0 0.344442 0.472575 0.12544 0.0953364
0 0.326159 0.468287 0.0983918 0.0864277
0 0.984196 0.616557 0.0300972 0.0277691
0 0.877488 0.620233 0.0331886 0.0273175
0 0.508483 0.181924 0.032161 0.0306196
0 0.386076 0.5209 0.125099 0.0847911
0 0.524752 0.142021 0.04632 0.0353171
0 0.463963 0.930007 0.0304802 0.0386531
0 0.378132 0.5022 0.154387 0.116417
