0 0.492221 0.726826 0.0752966 0.0590997
0 0.730105 0.453923 0.0814638 0.0574027
0 0.276395 0.683272 0.0422767 0.0654745
0 0.331467 0.0473922 0.0485989 0.0249595
0 0.428226 0.112757 0.0732543 0.0582753
0 0.510745 0.158813 0.0720023 0.067742
0 0.615624 0.277808 0.101319 0.0970303
0 0.382798 0.523564 0.0965574 0.0622898
0 0.308923 0.466346 0.10542 0.0849549
0 0.872791 0.63089 0.03168 0.0240827
0 0.508683 0.150843 0.0764749 0.0933315
0 0.31791 0.47867 0.119163 0.109189
0 0.648275 0.293201 0.107772 0.0992604
0 0.371133 0.509748 0.131909 0.0988501
0 0.608269 0.265893 0.0843663 0.0752258
0 0.444852 0.991274 0.0334985 0.0174528
0 0.455035 0.937016 0.0228893 0.0428998
0 0.630136 0.285014 0.115879 0.096674
