0 0.525976 0.737948 0.0722208 0.0573087
0 0.476414 0.927301 0.0288177 0.0567982
0 0.31535 0.700042 0.0473827 0.060822
0 0.3797 0.391551 0.0322015 0.0323806
0 0.697397 0.299199 0.0306143 0.0366579
0 0.738184 0.430379 0.124739 0.120106
0 0.350687 0.484103 0.111057 0.102968
0 0.23896 0.760126 0.0337236 0.0145555
0 0.722696 0.412962 0.0908296 0.0808436
0 0.418218 0.534045 0.0952488 0.0689368
0 0.569265 0.664754 0.0216773 0.0403699
0 0.145844 0.336506 0.0330149 0.0184277
0 0.50772 0.156021 0.0236005 0.0357071
0 0.406766 0.527259 0.116021 0.084228
0 0.755212 0.439642 0.097891 0.10322
0 0.342416 0.468016 0.0964513 0.0727079
0 0.467865 0.163464 0.0324365 0.0333068
0 0.761095 0.456293 0.0815744 0.0746639
0 0.399111 0.507851 0.161408 0.120373
