0 0.551003 0.181807 0.0546639 0.0403621
0 0.392281 0.0739062 0.0694796 0.049661
0 0.316687 0.71393 0.042676 0.0624943
0 0.527743 0.749508 0.0638882 0.0569717
0 0.425098 0.550052 0.0771948 0.0533062
0 0.490601 0.951928 0.0305746 0.0437338
0 0.652019 0.255159 0.0303679 0.0509871
0 0.383339 0.401292 0.03048 0.0312989
0 0.768178 0.43755 0.113376 0.124871
0 0.763344 0.419725 0.103641 0.0949476
0 0.342202 0.485114 0.102076 0.0890746
0 0.33941 0.471803 0.0954484 0.0684022
0 0.784238 0.43951 0.0909665 0.11788
0 0.870698 0.553406 0.02784 0.072773
0 0.798467 0.443534 0.099226 0.11265
0 0.799633 0.457844 0.0794542 0.0829713
