0 0.490937 0.726291 0.0738691 0.059652
0 0.407153 0.0906046 0.0826944 0.0601392
0 0.276092 0.683429 0.0431875 0.0627825
0 0.631474 0.289536 0.0472069 0.0677943
0 0.759017 0.418275 0.0312778 0.0555817
0 0.821642 0.425437 0.0430663 0.0295751
0 0.510547 0.173751 0.0921592 0.0988898
0 0.42839 0.891268 0.0344462 0.0679097
0 0.442853 0.991179 0.035912 0.0176426
0 0.445818 0.915632 0.0393907 0.0767808
0 0.308616 0.467196 0.106447 0.0864304
0 0.384304 0.523979 0.0914416 0.0615702
0 0.32939 0.483964 0.135974 0.118037
0 0.340824 0.37677 0.0337156 0.0332381
0 0.368066 0.506141 0.138183 0.106212
0 0.375781 0.520454 0.11461 0.0780456
0 0.288152 0.0438949 0.0512174 0.022674
0 0.35327 0.495728 0.16904 0.126093
