0 0.49878 0.730839 0.0766599 0.0583028
0 0.282239 0.686731 0.0453801 0.0654955
0 0.454449 0.927211 0.0386331 0.063833
0 0.849812 0.433415 0.0351951 0.0354948
0 0.933611 0.605736 0.0308948 0.0464896
0 0.349121 0.376845 0.0310377 0.0392179
0 0.518807 0.13345 0.0364554 0.0471822
0 0.683134 0.374862 0.0406749 0.0748247
0 0.684848 0.362777 0.0415456 0.102686
0 0.699484 0.325694 0.0542473 0.0618258
0 0.320354 0.467814 0.119716 0.0915395
0 0.392478 0.524682 0.086893 0.0605398
0 0.335535 0.488679 0.126856 0.110805
0 0.696574 0.341385 0.0586755 0.0954541
0 0.38532 0.521704 0.106917 0.0715455
0 0.372223 0.500941 0.151768 0.110479
