0 0.528084 0.741494 0.0682796 0.053993
0 0.314951 0.697732 0.0411652 0.0590632
0 0.740191 0.405121 0.0628309 0.0694613
0 0.728514 0.33844 0.0303004 0.046381
0 0.38081 0.388913 0.0318245 0.0358329
0 0.351648 0.485729 0.112242 0.105133
0 0.451392 0.883522 0.0228355 0.0387001
0 0.662859 0.253195 0.0313033 0.0496374
0 0.419651 0.532032 0.0897994 0.067657
0 0.633705 0.295483 0.0261024 0.0254786
0 0.407601 0.52451 0.111156 0.0834475
0 0.342701 0.468952 0.0978059 0.076911
0 0.237116 0.758955 0.0351493 0.0155591
0 0.553606 0.579711 0.0263613 0.0197656
0 0.398257 0.506017 0.158378 0.117843
