0 0.52299 0.734647 0.0742643 0.0567775
0 0.478083 0.928755 0.0285332 0.0636473
0 0.75872 0.496539 0.034193 0.0596718
0 0.858617 0.462194 0.0413516 0.0490735
0 0.68487 0.321632 0.100994 0.08454
0 0.559607 0.595876 0.0538945 0.0693095
0 0.309058 0.688702 0.0444143 0.064419
0 0.378178 0.0301055 0.107149 0.0588612
0 0.355971 0.48711 0.121175 0.10469
0 0.375834 0.3824 0.0324442 0.0326872
0 0.485016 0.067328 0.0309951 0.0358201
0 0.409747 0.527659 0.106076 0.074177
0 0.418685 0.532034 0.0909964 0.0613339
0 0.345383 0.474359 0.113089 0.086762
0 0.399787 0.508315 0.142148 0.11881
