0 0.806781 0.520915 0.0406429 0.0344566
0 0.529076 0.747409 0.0694933 0.056793
0 0.368591 0.0169067 0.0957827 0.0338134
0 0.319092 0.710214 0.0398306 0.0512815
0 0.545501 0.195421 0.112733 0.0773781
0 0.89294 0.624633 0.0400603 0.0391529
0 0.417352 0.0846736 0.0808439 0.0420891
0 0.383262 0.39853 0.0300734 0.0319171
0 0.41935 0.544588 0.087335 0.0588291
0 0.347217 0.485718 0.104337 0.0949665
0 0.406189 0.533519 0.117448 0.082567
0 0.484731 0.945104 0.0217245 0.0343881
0 0.237857 0.773183 0.0390585 0.0174007
0 0.341763 0.471748 0.0968527 0.0705613
