0 0.520217 0.734338 0.0708934 0.0569234
0 0.475503 0.932286 0.0400915 0.0605628
0 0.306856 0.691493 0.0430515 0.0630735
0 0.455834 0.0401146 0.0367846 0.0647467
0 0.738487 0.326175 0.0556868 0.0905334
0 0.37296 0.38328 0.0331627 0.0333735
0 0.680353 0.310063 0.0354968 0.0701669
0 0.40476 0.527278 0.101747 0.0678402
0 0.346519 0.478068 0.123462 0.0989644
0 0.337055 0.468478 0.0999179 0.0812328
0 0.742204 0.340009 0.0481071 0.0935279
0 0.365142 0.496544 0.149744 0.117123
0 0.392718 0.511363 0.135234 0.108158
0 0.547769 0.575813 0.0259035 0.0195084
