0 0.501769 0.730925 0.0725818 0.0558617
0 0.284026 0.685887 0.0441406 0.0608222
0 0.448993 0.917646 0.0357313 0.0656903
0 0.601808 0.276816 0.0751323 0.0635846
0 0.758178 0.506755 0.0356987 0.0250813
0 0.841672 0.455725 0.0475705 0.0907087
0 0.350098 0.37833 0.0306106 0.0334302
0 0.697709 0.381655 0.034224 0.0280966
0 0.682081 0.261472 0.0456985 0.0404742
0 0.677209 0.311695 0.0317018 0.0407914
0 0.393698 0.524849 0.0927367 0.0640214
0 0.314706 0.466194 0.0990757 0.0838943
0 0.330782 0.471998 0.0865535 0.0881747
0 0.678389 0.300008 0.0397664 0.0636388
0 0.379659 0.502994 0.143862 0.110356
0 0.541181 0.659106 0.020088 0.0401483
0 0.338418 0.486993 0.098463 0.107584
