0 0.522165 0.734256 0.0704998 0.0543797
0 0.787548 0.475507 0.0414883 0.038151
0 0.308646 0.691281 0.0415323 0.0582532
0 0.849095 0.553186 0.0609665 0.029525
0 0.679796 0.275365 0.0516167 0.0719721
0 0.529379 0.163458 0.0576284 0.0372255
0 0.861816 0.595981 0.0546033 0.0295101
0 0.373399 0.38426 0.0330355 0.0332248
0 0.37627 0.492531 0.153784 0.118201
0 0.396411 0.505516 0.132162 0.111347
0 0.402226 0.522405 0.112843 0.0782501
0 0.334543 0.4632 0.0906963 0.0715141
0 0.352224 0.482037 0.134258 0.106247
0 0.339988 0.472827 0.105459 0.0872281
0 0.410339 0.528246 0.10262 0.0630195
