0 0.524824 0.737637 0.0745153 0.0566649
0 0.481772 0.934054 0.035446 0.0675235
0 0.312547 0.69471 0.0472928 0.0626953
0 0.564578 0.194733 0.076587 0.0800214
0 0.379741 0.384617 0.0321997 0.0383276
0 0.735002 0.394294 0.0705252 0.096186
0 0.644292 0.530477 0.0217587 0.0432951
0 0.696623 0.310941 0.0396936 0.0311078
0 0.35288 0.485791 0.112443 0.101935
0 0.420458 0.531868 0.0857035 0.0639788
0 0.409879 0.526415 0.101478 0.0762091
0 0.397656 0.505982 0.147726 0.118016
0 0.341957 0.466447 0.0959105 0.0722751
