0 0.52694 0.742418 0.0693958 0.056515
0 0.315618 0.701495 0.0418209 0.0576206
0 0.485236 0.93648 0.0393444 0.0557685
0 0.345598 0.482949 0.10082 0.0899861
0 0.428413 0.538558 0.0739132 0.0595714
0 0.81184 0.46445 0.038267 0.0923141
0 0.381967 0.389858 0.0300615 0.034847
0 0.807839 0.509579 0.0515411 0.0764461
0 0.808703 0.482473 0.0483806 0.133193
0 0.810821 0.47752 0.0434005 0.103288
0 0.413465 0.530916 0.102994 0.0772588
0 0.340452 0.469179 0.0932685 0.0684698
0 0.808652 0.5037 0.0589951 0.0990064
