0 0.521369 0.734146 0.0705933 0.0553567
0 0.309068 0.691629 0.0403644 0.0589538
0 0.419304 0.0930553 0.0850099 0.0607915
0 0.489078 0.150441 0.0407311 0.0353429
0 0.678366 0.308141 0.0602717 0.0840431
0 0.71075 0.335275 0.0937104 0.0694435
0 0.703464 0.321322 0.110951 0.10418
0 0.358541 0.488261 0.123236 0.109192
0 0.333849 0.46366 0.0901301 0.069496
0 0.409139 0.527048 0.102942 0.073693
0 0.698322 0.25895 0.0268191 0.0365344
0 0.375895 0.383493 0.0322706 0.0329309
0 0.342667 0.477519 0.112558 0.09478
0 0.693211 0.311957 0.0840528 0.0990697
0 0.398732 0.509282 0.134759 0.115684
