0 0.737915 0.398018 0.0481322 0.0566547
0 0.527583 0.739588 0.0693824 0.0560232
0 0.31491 0.697302 0.0463735 0.0623214
0 0.459132 0.129453 0.0585824 0.0636445
0 0.379678 0.386075 0.0320315 0.0369425
0 0.847486 0.521313 0.0329821 0.0812619
0 0.572072 0.20107 0.0863383 0.0829774
0 0.643365 0.531254 0.0212708 0.0424381
0 0.351044 0.48489 0.103178 0.0984133
0 0.611411 0.182486 0.0620484 0.0426051
0 0.423047 0.530774 0.0812531 0.063688
0 0.7026 0.445522 0.0295255 0.0200559
0 0.58862 0.198181 0.118525 0.0838487
0 0.409743 0.523883 0.104641 0.0778632
0 0.553037 0.579335 0.0248637 0.0198565
0 0.339735 0.46651 0.0929101 0.0733547
0 0.233738 0.758238 0.033475 0.0168021
0 0.398985 0.503997 0.148562 0.114923
0 0.471128 0.911911 0.0279794 0.0581957
