0 0.497829 0.729906 0.0747836 0.0546653
0 0.282848 0.68731 0.0452816 0.0587168
0 0.678231 0.311402 0.0585108 0.081171
0 0.444942 0.914602 0.026049 0.0568116
0 0.838338 0.435531 0.0584139 0.0518785
0 0.349219 0.378042 0.0316224 0.0353003
0 0.323882 0.46783 0.125005 0.0914908
0 0.390556 0.524682 0.0940403 0.061976
0 0.758504 0.411915 0.0239367 0.0654088
0 0.342026 0.489949 0.140659 0.113712
0 0.381932 0.521008 0.117045 0.0746795
0 0.758115 0.398397 0.0218756 0.0665023
0 0.373127 0.502664 0.152131 0.111684
