0 0.318603 0.707808 0.0455719 0.0570252
0 0.563965 0.203496 0.0931888 0.0619864
0 0.53059 0.748611 0.0668448 0.0559249
0 0.663048 0.327034 0.0418668 0.0371812
0 0.799031 0.450704 0.0337509 0.035521
0 0.787296 0.389802 0.0607384 0.0208882
0 0.383307 0.397693 0.0303131 0.032618
0 0.419097 0.545296 0.0891606 0.0607712
0 0.347772 0.487074 0.106706 0.0982423
0 0.752727 0.348731 0.0384059 0.0473958
0 0.406485 0.533189 0.118889 0.0852296
0 0.747808 0.345078 0.0417325 0.0440857
0 0.3403 0.470004 0.0965472 0.0674075
0 0.361341 0.493063 0.113129 0.0980911
0 0.240992 0.773878 0.0354396 0.018671
