0 0.529297 0.744078 0.0677857 0.057639
0 0.316207 0.701298 0.0424023 0.0602371
0 0.484494 0.935742 0.0403813 0.054642
0 0.726422 0.422967 0.0800021 0.0485245
0 0.430156 0.075748 0.0782795 0.0843806
0 0.428921 0.539734 0.0727313 0.0589063
0 0.381841 0.388973 0.0314978 0.0339154
0 0.66282 0.30422 0.0530028 0.0882622
0 0.795906 0.394328 0.0906031 0.0788829
0 0.342962 0.477269 0.101899 0.0859553
0 0.23717 0.763154 0.0405879 0.013247
0 0.571391 0.667659 0.0200847 0.0355201
0 0.737789 0.403625 0.101347 0.0915949
0 0.554505 0.58289 0.023679 0.0170653
