0 0.269462 0.679884 0.0444365 0.0628409
0 0.483071 0.725744 0.0730548 0.0565748
0 0.643961 0.276872 0.0464065 0.0489272
0 0.4418 0.922312 0.0326951 0.0536067
0 0.378572 0.523345 0.0865431 0.0579348
0 0.688675 0.360627 0.0375198 0.103736
0 0.300974 0.467185 0.105499 0.0796423
0 0.832801 0.536658 0.0492837 0.0305669
0 0.424687 0.890758 0.0323026 0.0435541
0 0.337145 0.378829 0.0282433 0.0331778
0 0.688664 0.345555 0.0337169 0.0811771
0 0.441028 0.98983 0.0342104 0.0194831
0 0.685573 0.375368 0.0415647 0.083637
