0 0.491329 0.728037 0.0741839 0.0575013
0 0.446681 0.92603 0.0279114 0.0599116
0 0.275563 0.684356 0.0424535 0.0615554
0 0.749368 0.343744 0.0676787 0.0624582
0 0.508031 0.176894 0.0748662 0.0804492
0 0.708548 0.450127 0.101245 0.0763513
0 0.381354 0.522036 0.0910314 0.0652528
0 0.313964 0.468527 0.120399 0.0952604
0 0.799508 0.408093 0.0265708 0.0535115
0 0.341385 0.376864 0.0339983 0.032812
0 0.910357 0.62555 0.0250556 0.0434391
0 0.326721 0.00840247 0.0509581 0.0168049
0 0.369317 0.514343 0.121995 0.0906947
0 0.768026 0.478463 0.0321708 0.0482249
0 0.443041 0.990477 0.0363193 0.0190464
0 0.342125 0.494297 0.159788 0.125233
