0 0.315727 0.706696 0.0428166 0.0536538
0 0.527756 0.745406 0.0710368 0.0595731
0 0.485979 0.140215 0.0518103 0.0616151
0 0.383052 0.398076 0.0298684 0.0321345
0 0.570302 0.204095 0.0765283 0.0822645
0 0.675072 0.301394 0.083699 0.078613
0 0.424554 0.544437 0.0791121 0.0561665
0 0.344389 0.481718 0.10116 0.0902357
0 0.4149 0.539321 0.100093 0.0677319
0 0.743902 0.341796 0.0396262 0.0759237
0 0.740298 0.329817 0.047199 0.104757
0 0.235153 0.771131 0.0328242 0.0136771
0 0.689615 0.310204 0.102669 0.0992688
