0 0.521088 0.734558 0.0718809 0.0571187
0 0.418448 0.02143 0.0507954 0.0428601
0 0.308317 0.691906 0.0401269 0.0597167
0 0.499127 0.16425 0.0901997 0.0850152
0 0.703108 0.394613 0.0547633 0.0968283
0 0.708798 0.399437 0.0464447 0.0806335
0 0.407751 0.527399 0.103894 0.0703607
0 0.346211 0.477815 0.123024 0.100332
0 0.361471 0.487766 0.137732 0.114368
0 0.711314 0.316647 0.0491793 0.0411507
0 0.336062 0.464695 0.095179 0.0756832
0 0.373317 0.385055 0.0327417 0.0325205
0 0.39734 0.51228 0.133578 0.108979
0 0.698373 0.379913 0.0545114 0.0912263
0 0.703696 0.333398 0.0634853 0.0735575
0 0.694418 0.345051 0.0514412 0.086474
