0 0.522795 0.734298 0.0728475 0.0559363
0 0.479364 0.92807 0.0345936 0.0659453
0 0.309781 0.691312 0.0406252 0.0579977
0 0.96618 0.631927 0.0350246 0.0486875
0 0.455912 0.108747 0.0718873 0.0656823
0 0.759485 0.325273 0.0549037 0.082268
0 0.378027 0.0205527 0.0399357 0.0251666
0 0.377251 0.384009 0.0320611 0.0348694
0 0.527533 0.201022 0.0381173 0.0356311
0 0.660529 0.308639 0.073691 0.0353448
0 0.374853 0.493183 0.14996 0.115884
0 0.762393 0.332045 0.0493879 0.0633529
0 0.358211 0.483179 0.141382 0.104947
0 0.39964 0.507273 0.135329 0.115897
0 0.40492 0.52425 0.111301 0.0806921
0 0.346112 0.474518 0.115283 0.086939
0 0.339191 0.46267 0.0971047 0.0673264
0 0.413094 0.529886 0.0994625 0.0648368
0 0.702549 0.331147 0.036062 0.0642164
