0 0.316348 0.705637 0.0450145 0.0538306
0 0.488489 0.940884 0.0414554 0.0575786
0 0.695178 0.613677 0.0480196 0.0619936
0 0.52995 0.745428 0.0656086 0.0561414
0 0.616505 0.27508 0.081183 0.0687586
0 0.384793 0.397064 0.0289612 0.0317588
0 0.235886 0.767281 0.0339832 0.0142758
0 0.74783 0.3594 0.0372461 0.0609538
0 0.537233 0.165584 0.0964837 0.0768525
0 0.347074 0.484205 0.106326 0.0980616
0 0.422517 0.539485 0.0849344 0.0655091
0 0.409107 0.528225 0.112018 0.0862967
0 0.539684 0.169616 0.0847996 0.0541085
0 0.555407 0.585201 0.0233941 0.0195611
0 0.532938 0.177382 0.0816579 0.0686068
0 0.79978 0.482653 0.0233257 0.0313665
0 0.764238 0.488933 0.0354748 0.0295305
