0 0.526939 0.739599 0.0703109 0.0547547
0 0.739994 0.385993 0.0520134 0.0462149
0 0.312654 0.695394 0.0478161 0.0653186
0 0.567877 0.197073 0.0765824 0.0760373
0 0.379117 0.38481 0.0321861 0.0368497
0 0.471088 0.923402 0.0307002 0.0696779
0 0.35527 0.486532 0.120459 0.106708
0 0.643508 0.530644 0.022398 0.0448048
0 0.3474 0.47571 0.108627 0.0849553
0 0.419504 0.531506 0.0891402 0.0656543
0 0.407985 0.525091 0.107336 0.081123
0 0.80615 0.479725 0.0229563 0.0376672
0 0.396338 0.506271 0.152713 0.11866
