0 0.509476 0.732952 0.0720162 0.0566797
0 0.293909 0.687605 0.0476654 0.0590062
0 0.721147 0.315502 0.0329003 0.0465803
0 0.778135 0.390147 0.0924511 0.067634
0 0.858226 0.515849 0.0453086 0.0298964
0 0.609251 0.225239 0.0312982 0.0742692
0 0.359955 0.381811 0.0299548 0.0337175
0 0.526318 0.137271 0.0613362 0.0368633
0 0.536331 0.20507 0.0820473 0.0712703
0 0.397795 0.527867 0.101714 0.0660779
0 0.329406 0.470968 0.111458 0.0858229
0 0.353074 0.482334 0.12387 0.102675
0 0.386522 0.52032 0.124877 0.0854901
0 0.531673 0.196926 0.0728178 0.0561544
0 0.90096 0.650874 0.0260569 0.0277849
0 0.380563 0.502937 0.158426 0.117191
