0 0.525006 0.737074 0.0699826 0.0540104
0 0.578269 0.207143 0.059772 0.0553352
0 0.472326 0.928113 0.0302117 0.0674083
0 0.311771 0.692632 0.0433487 0.0607593
0 0.372843 0.0116686 0.0447006 0.0233372
0 0.676507 0.343081 0.0462596 0.0365198
0 0.378467 0.385312 0.0322157 0.0368524
0 0.480841 0.127423 0.0301092 0.0544572
0 0.353241 0.485416 0.111167 0.0976373
0 0.42147 0.532773 0.0852377 0.0604485
0 0.624194 0.293332 0.0337634 0.0390865
0 0.853193 0.496854 0.0409923 0.0465105
0 0.345306 0.475133 0.108193 0.0846076
0 0.500466 0.085924 0.0420183 0.0271506
0 0.642924 0.527414 0.0198636 0.0409228
0 0.399974 0.508809 0.13883 0.119005
0 0.338972 0.465211 0.0929414 0.071394
0 0.411858 0.528004 0.106986 0.0812136
