0 0.270602 0.681767 0.0459543 0.0606545
0 0.279209 0.0323702 0.0469809 0.0517424
0 0.484038 0.725603 0.0739878 0.0574898
0 0.606717 0.294879 0.0343585 0.0258317
0 0.510374 0.187597 0.035855 0.0406485
0 0.6595 0.265315 0.0312684 0.0566659
0 0.339925 0.378447 0.0331569 0.0332423
0 0.376993 0.522566 0.0945467 0.0618123
0 0.303278 0.466409 0.105868 0.0824937
0 0.58003 0.262417 0.0210667 0.0247566
0 0.440611 0.923853 0.0277842 0.053654
0 0.36606 0.522113 0.121018 0.0713649
0 0.433648 0.990143 0.0369941 0.0197147
0 0.31239 0.475942 0.109369 0.0961511
0 0.613856 0.262677 0.0361319 0.0418742
