0 0.316576 0.703344 0.0398822 0.0552635
0 0.528651 0.744296 0.0699056 0.057808
0 0.487935 0.939333 0.0390373 0.0554752
0 0.747244 0.463558 0.0795059 0.0596753
0 0.241091 0.765946 0.0433532 0.0172054
0 0.675337 0.322584 0.0776529 0.080531
0 0.383163 0.393066 0.0316679 0.0339221
0 0.34864 0.486055 0.104547 0.0955153
0 0.419957 0.537191 0.0901147 0.0662823
0 0.408493 0.528624 0.113844 0.0842242
0 0.362015 0.492688 0.120595 0.103352
0 0.555608 0.58474 0.0251284 0.0184488
0 0.342247 0.469932 0.0953291 0.0681617
