0 0.493074 0.727046 0.0742574 0.0596619
0 0.275836 0.683997 0.0439761 0.0612476
0 0.691592 0.35714 0.0467159 0.101862
0 0.455285 0.932861 0.0266107 0.0467751
0 0.514592 0.158672 0.0802879 0.0690013
0 0.565697 0.22863 0.0920625 0.0652782
0 0.385707 0.524764 0.0902327 0.06091
0 0.308069 0.465455 0.102621 0.082339
0 0.440783 0.991042 0.0402819 0.0179169
0 0.377711 0.51683 0.118219 0.0850928
0 0.695115 0.364951 0.0368602 0.0881679
0 0.341648 0.376831 0.0337514 0.0331884
0 0.55964 0.223911 0.110665 0.0783365
