0 0.318074 0.705011 0.0437793 0.0562586
0 0.528002 0.744879 0.0716102 0.0577943
0 0.487187 0.940776 0.0404101 0.0567622
0 0.617034 0.272375 0.0559742 0.0465048
0 0.678407 0.589167 0.0631518 0.085017
0 0.339655 0.019427 0.0639616 0.0388541
0 0.555876 0.180222 0.076221 0.0540284
0 0.384142 0.396472 0.0297651 0.0318093
0 0.853456 0.56188 0.0552174 0.0634425
0 0.235128 0.767646 0.0343949 0.0137314
0 0.346255 0.483183 0.104785 0.092267
0 0.722605 0.37853 0.0885808 0.104615
0 0.420243 0.539407 0.0929831 0.0665653
0 0.733177 0.395247 0.103198 0.141665
0 0.408337 0.531013 0.117011 0.0846585
0 0.552664 0.189015 0.0781502 0.0707525
0 0.743914 0.411725 0.0970228 0.115422
0 0.571843 0.668585 0.0189627 0.0338597
0 0.541452 0.198038 0.0629358 0.062063
0 0.810461 0.496081 0.035609 0.0487054
