0 0.525691 0.738121 0.0712276 0.0533628
0 0.689492 0.349824 0.0683415 0.0434161
0 0.758542 0.43991 0.0649242 0.082258
0 0.480114 0.931893 0.0342019 0.0717871
0 0.310487 0.692254 0.0425818 0.0616288
0 0.380268 0.385567 0.0329941 0.0373375
0 0.643176 0.529723 0.022315 0.0463603
0 0.562587 0.208281 0.202635 0.0959927
0 0.467212 0.115466 0.06226 0.0662188
0 0.359341 0.487728 0.111879 0.101868
0 0.420492 0.532417 0.0854003 0.06425
0 0.347927 0.479307 0.113768 0.0900177
0 0.400884 0.507543 0.139927 0.119934
0 0.337555 0.462137 0.0897316 0.0660613
0 0.630634 0.300583 0.026821 0.0361057
0 0.409867 0.523312 0.109871 0.0922568
