0 0.266248 0.68378 0.0442688 0.0559967
0 0.49283 0.177086 0.0633333 0.0429822
0 0.476757 0.724401 0.0736709 0.0540657
0 0.897394 0.586423 0.0267696 0.0807402
0 0.44151 0.926413 0.0300617 0.0530168
0 0.376059 0.52362 0.0868984 0.0575962
0 0.659345 0.366237 0.0501175 0.0895976
0 0.299223 0.464439 0.108677 0.0809522
0 0.335481 0.377221 0.0295699 0.0372353
0 0.672878 0.366314 0.0782039 0.0921899
0 0.432923 0.987016 0.0336574 0.0223629
0 0.680688 0.370797 0.0765703 0.0773473
0 0.690008 0.378701 0.0522909 0.0487288
