0 0.301866 0.689973 0.044161 0.0620416
0 0.513911 0.735131 0.0764527 0.0580148
0 0.903969 0.614147 0.0505998 0.0194623
0 0.476271 0.937712 0.0351447 0.056348
0 0.367534 0.381859 0.0330985 0.0347055
0 0.524129 0.192559 0.0455415 0.055782
0 0.704138 0.323501 0.0614642 0.10814
0 0.704586 0.335346 0.056213 0.0698556
0 0.400084 0.525901 0.106651 0.0711417
0 0.702361 0.30767 0.0693867 0.130549
0 0.708132 0.286912 0.0548514 0.0824174
0 0.555573 0.661543 0.0228255 0.0391746
0 0.36746 0.494178 0.152946 0.116492
0 0.391577 0.508797 0.128039 0.108012
0 0.542063 0.574971 0.0251746 0.0189981
0 0.337022 0.47325 0.113847 0.0872838
