0 0.497467 0.73002 0.0760701 0.0571408
0 0.28241 0.685466 0.0471988 0.0607653
0 0.628602 0.251509 0.0602534 0.0602889
0 0.445717 0.911319 0.0292034 0.0654759
0 0.349064 0.378552 0.0322177 0.0358311
0 0.764539 0.421814 0.0208933 0.0562704
0 0.832746 0.433131 0.0542564 0.0506005
0 0.959611 0.589132 0.0380905 0.040778
0 0.319741 0.46607 0.11733 0.0885032
0 0.393994 0.526235 0.0905882 0.0613861
0 0.394294 0.0730452 0.0372031 0.0183119
0 0.330796 0.486625 0.121713 0.107809
0 0.374561 0.504735 0.151356 0.110493
