0 0.936435 0.573986 0.0586939 0.0426922
0 0.317071 0.713043 0.0405943 0.0576251
0 0.768145 0.419444 0.0997164 0.07735
0 0.530206 0.75069 0.0610391 0.0552485
0 0.65273 0.307539 0.0657734 0.06448
0 0.39981 0.0288185 0.0977182 0.0564047
0 0.489935 0.951164 0.0314467 0.0418756
0 0.426027 0.550224 0.0776245 0.053858
0 0.490689 0.121028 0.0539287 0.0772544
0 0.382202 0.402649 0.030732 0.0329493
0 0.555436 0.182387 0.0506597 0.039877
0 0.345389 0.485657 0.0973308 0.0888793
0 0.338094 0.471185 0.0896379 0.0644363
