0 0.52692 0.741911 0.0701132 0.0565085
0 0.316738 0.701699 0.0413862 0.0555884
0 0.878436 0.594558 0.0395845 0.0521345
0 0.4854 0.936238 0.0407652 0.0540459
0 0.627794 0.206623 0.0383049 0.0275049
0 0.382464 0.391022 0.0303171 0.0334464
0 0.239896 0.764583 0.041701 0.014888
0 0.699845 0.371851 0.0904284 0.0944999
0 0.429302 0.538952 0.0698288 0.0560095
0 0.343778 0.480282 0.101074 0.0858632
0 0.172468 0.723173 0.0425787 0.0247638
0 0.771155 0.440567 0.0490462 0.027044
0 0.555879 0.584256 0.0236578 0.0184759
0 0.842845 0.418613 0.0412425 0.0457119
