0 0.526241 0.739585 0.0720969 0.0574765
0 0.727456 0.412463 0.0742859 0.0880504
0 0.3136 0.696461 0.0467135 0.0624316
0 0.870744 0.557049 0.0772192 0.0694215
0 0.379754 0.386755 0.0348431 0.0379914
0 0.474635 0.14242 0.0455014 0.0664042
0 0.56762 0.203022 0.0744745 0.0824759
0 0.350529 0.482879 0.110418 0.101755
0 0.644101 0.530742 0.0219283 0.041381
0 0.419197 0.532675 0.0895847 0.064346
0 0.407972 0.5266 0.105986 0.077556
0 0.233759 0.757577 0.0354069 0.0181221
0 0.470427 0.913504 0.0295449 0.06233
0 0.553545 0.578569 0.0237324 0.0213872
0 0.568192 0.662112 0.0228486 0.0387633
0 0.598097 0.188353 0.0423666 0.0567862
0 0.343605 0.468073 0.0995558 0.078675
0 0.395901 0.506275 0.152574 0.118186
