0 0.316542 0.702385 0.0412836 0.0560515
0 0.526616 0.741064 0.0704741 0.0554997
0 0.486021 0.937594 0.0393491 0.0524528
0 0.748739 0.324685 0.0734143 0.0894843
0 0.382385 0.390809 0.0312306 0.0319127
0 0.92088 0.589529 0.0384996 0.0354722
0 0.912277 0.527593 0.071979 0.0612856
0 0.840908 0.542187 0.0589727 0.0448567
0 0.237477 0.763647 0.0385025 0.0138817
0 0.345296 0.482242 0.102763 0.092
0 0.428009 0.538135 0.0732298 0.0632582
0 0.605108 0.205135 0.023097 0.0308224
0 0.555002 0.583364 0.0240513 0.0182165
0 0.342388 0.469309 0.096391 0.0698995
0 0.415849 0.532513 0.0937821 0.0749937
0 0.570081 0.668209 0.0206692 0.0367928
0 0.902659 0.524758 0.0864637 0.0713239
0 0.672216 0.350618 0.0269969 0.0408565
