0 0.522851 0.734131 0.0758792 0.057916
0 0.776365 0.364008 0.0584083 0.0714098
0 0.481184 0.929154 0.0365807 0.0660352
0 0.31053 0.692407 0.0405505 0.0570112
0 0.523413 0.194598 0.0507402 0.0449129
0 0.744064 0.49193 0.041955 0.0508298
0 0.377353 0.384128 0.0318893 0.0374479
0 0.811352 0.521476 0.0637304 0.0180347
0 0.645348 0.284234 0.053098 0.0722262
0 0.663788 0.333284 0.038278 0.032482
0 0.36433 0.491289 0.129459 0.110703
0 0.408933 0.527164 0.102598 0.072408
0 0.351323 0.481146 0.12687 0.0992106
0 0.41775 0.531044 0.090077 0.0601145
0 0.336491 0.462741 0.0915339 0.0671507
0 0.399123 0.508826 0.13487 0.116343
0 0.64586 0.289491 0.0651429 0.0848704
