0 0.525657 0.737783 0.0695597 0.0549221
0 0.3147 0.700805 0.0447334 0.0585275
0 0.568053 0.187049 0.0648341 0.0549889
0 0.669151 0.253391 0.0540218 0.056419
0 0.380644 0.389501 0.0318348 0.0340055
0 0.475964 0.928687 0.0245392 0.0560771
0 0.708148 0.337008 0.0585467 0.087386
0 0.708861 0.396829 0.0668154 0.039647
0 0.347881 0.4824 0.110053 0.0988507
0 0.236646 0.760314 0.0321855 0.0135915
0 0.42212 0.534358 0.0854836 0.0668035
0 0.144314 0.33534 0.029009 0.0168847
0 0.34211 0.469103 0.0996379 0.0735263
0 0.55485 0.57988 0.0224084 0.0196897
0 0.409847 0.526867 0.108747 0.0819533
