0 0.524006 0.735946 0.0716152 0.0556397
0 0.478603 0.927119 0.0311027 0.0633559
0 0.566736 0.190548 0.0490596 0.0536581
0 0.310674 0.692266 0.0414549 0.061116
0 0.464358 0.154682 0.0467693 0.0642186
0 0.880281 0.601676 0.0578053 0.0485044
0 0.675763 0.330978 0.0506964 0.0404999
0 0.688479 0.331283 0.0605893 0.0475956
0 0.374873 0.492852 0.138751 0.112387
0 0.376749 0.383783 0.0303469 0.0337687
0 0.408295 0.526222 0.10572 0.0748328
0 0.400296 0.507832 0.13493 0.116418
0 0.332896 0.458771 0.0809942 0.0593899
0 0.345616 0.473828 0.109276 0.0844181
0 0.356398 0.482163 0.134113 0.102799
0 0.707594 0.353616 0.0229119 0.0379491
