0 0.527287 0.744874 0.0701305 0.0578831
0 0.316391 0.707779 0.0419927 0.0548947
0 0.486043 0.944521 0.0336522 0.0477554
0 0.38356 0.398495 0.0290684 0.0331048
0 0.705486 0.287383 0.066637 0.0782709
0 0.42304 0.544025 0.0834821 0.0592508
0 0.237291 0.771075 0.0370405 0.0146942
0 0.34536 0.485066 0.10162 0.095192
0 0.412024 0.534866 0.108368 0.0773859
0 0.341315 0.469016 0.0963463 0.0666314
0 0.515015 0.16063 0.147154 0.103354
0 0.536126 0.176603 0.190619 0.125755
0 0.56532 0.212999 0.194631 0.123052
0 0.861402 0.546982 0.0208395 0.0391154
0 0.572674 0.224483 0.162628 0.11157
0 0.552461 0.192792 0.197649 0.11242
