0 0.508867 0.732824 0.0726249 0.0571103
0 0.29322 0.687436 0.0410279 0.0607564
0 0.865847 0.963987 0.0349281 0.0668175
0 0.867471 0.574593 0.0257831 0.0643599
0 0.396957 0.0162894 0.0614846 0.0310626
0 0.400241 0.527222 0.0913587 0.0623198
0 0.325646 0.468743 0.106771 0.0851516
0 0.359929 0.383264 0.0291802 0.0350842
0 0.661451 0.354881 0.0235144 0.0497958
0 0.340143 0.478316 0.112501 0.101025
0 0.689716 0.28735 0.0377029 0.0396634
0 0.389079 0.525265 0.114946 0.0745499
0 0.466402 0.931812 0.0314207 0.0448549
0 0.68575 0.280913 0.0445448 0.0571344
