0 0.317386 0.707661 0.0445446 0.0556431
0 0.526563 0.745033 0.0706231 0.0593073
0 0.48683 0.941168 0.041723 0.0596669
0 0.384473 0.398766 0.0299081 0.0350662
0 0.567376 0.189399 0.0629163 0.0727568
0 0.425357 0.544053 0.0801033 0.0588915
0 0.238913 0.769569 0.0342757 0.0155039
0 0.343519 0.485994 0.104693 0.0895686
0 0.732192 0.323328 0.0792879 0.0870035
0 0.49163 0.138278 0.0335244 0.0642023
0 0.342335 0.471944 0.0997542 0.0729487
0 0.413536 0.534558 0.107379 0.0783408
0 0.756225 0.411234 0.0269479 0.0340306
0 0.737623 0.329659 0.0614915 0.0797775
0 0.62185 0.270447 0.0373012 0.0378855
0 0.705507 0.33953 0.0445044 0.0830381
