0 0.525803 0.738522 0.0719784 0.0566311
0 0.314843 0.696339 0.050916 0.0638422
0 0.359321 0.0257464 0.0515288 0.0295815
0 0.565889 0.199007 0.0771511 0.0798388
0 0.379722 0.386025 0.0336784 0.0375965
0 0.431982 0.100464 0.0548953 0.0241666
0 0.346355 0.478741 0.105612 0.0928944
0 0.766568 0.426701 0.100958 0.118806
0 0.644027 0.530896 0.0225582 0.0465733
0 0.421817 0.533293 0.0808902 0.0626106
0 0.410716 0.529146 0.0970632 0.0720365
0 0.4706 0.914422 0.0291644 0.061002
0 0.763367 0.417233 0.0889385 0.0930943
0 0.23287 0.75792 0.0338528 0.0172718
0 0.553537 0.578955 0.0241115 0.0194912
