0 0.315295 0.70471 0.0460847 0.0583367
0 0.529214 0.745358 0.0675595 0.0581496
0 0.485037 0.939402 0.0447496 0.0592585
0 0.6901 0.604304 0.0658629 0.0842884
0 0.827161 0.397502 0.052507 0.0569695
0 0.983837 0.593345 0.0323265 0.0429763
0 0.236963 0.767442 0.0362588 0.0144627
0 0.38425 0.396033 0.0295295 0.0305552
0 0.806629 0.498791 0.0781056 0.0954406
0 0.348137 0.485015 0.10551 0.0958589
0 0.811712 0.510032 0.0805933 0.123333
0 0.480337 0.149799 0.0709357 0.090577
0 0.422656 0.539134 0.0837201 0.0643661
0 0.5558 0.180923 0.0844772 0.0675288
0 0.408758 0.528848 0.113441 0.0855983
0 0.513965 0.155726 0.144389 0.105492
0 0.803666 0.486308 0.0759957 0.0705879
0 0.5715 0.66828 0.0195969 0.0334032
0 0.821047 0.530977 0.0674372 0.0967763
0 0.344577 0.472225 0.100453 0.0729572
