0 0.526913 0.741678 0.0707515 0.0579522
0 0.316884 0.703755 0.0418988 0.0559051
0 0.486647 0.937893 0.0378699 0.0555456
0 0.239258 0.766353 0.0410589 0.0165507
0 0.382929 0.392862 0.0302528 0.0362139
0 0.345733 0.483969 0.101956 0.092072
0 0.509135 0.203967 0.0312171 0.0245124
0 0.426936 0.54044 0.0780417 0.0627209
0 0.554892 0.583897 0.0257473 0.0188525
0 0.685151 0.337987 0.0774958 0.0983937
0 0.702931 0.360509 0.0840894 0.123376
0 0.717695 0.37269 0.0508366 0.0903237
0 0.413013 0.532284 0.104357 0.0800003
0 0.693026 0.350942 0.0992239 0.129764
