0 0.317619 0.706152 0.0420322 0.0546826
0 0.767861 0.351602 0.0524087 0.0462663
0 0.526368 0.746188 0.0708754 0.0596144
0 0.603716 0.277439 0.0236473 0.0358129
0 0.546596 0.184748 0.0437174 0.0367321
0 0.384935 0.398659 0.0305423 0.0336562
0 0.698207 0.305454 0.0358375 0.0603374
0 0.240319 0.770987 0.042776 0.0146369
0 0.479882 0.0597608 0.0346677 0.0414978
0 0.348033 0.484647 0.105209 0.096518
0 0.442789 0.118075 0.0392717 0.0397862
0 0.483007 0.941588 0.0343722 0.046348
0 0.420322 0.542775 0.0860047 0.0586112
0 0.406385 0.530334 0.117642 0.0850935
0 0.343058 0.471696 0.0990852 0.0721982
