0 0.693029 0.609746 0.0438228 0.0537043
0 0.484577 0.939967 0.0413924 0.0578084
0 0.315609 0.704228 0.0467596 0.0600893
0 0.528862 0.745649 0.0645803 0.0572348
0 0.636796 0.287395 0.0404496 0.0641153
0 0.384669 0.396079 0.0284662 0.033212
0 0.795507 0.479771 0.0259931 0.0468837
0 0.235629 0.767736 0.0374207 0.0140635
0 0.53804 0.174967 0.0922582 0.074263
0 0.729968 0.384506 0.0675254 0.100494
0 0.735141 0.399135 0.0566608 0.0588269
0 0.348663 0.48553 0.107352 0.0964602
0 0.420189 0.53883 0.0918104 0.066859
0 0.541457 0.172725 0.081162 0.0575819
0 0.54661 0.171165 0.0713006 0.0444224
0 0.410115 0.530638 0.112559 0.0841408
0 0.75385 0.362311 0.0487999 0.0699997
0 0.522539 0.176624 0.0634679 0.0714831
0 0.364081 0.494057 0.13384 0.105953
0 0.735859 0.375966 0.0846153 0.100111
0 0.34307 0.470942 0.0981036 0.0692067
0 0.555629 0.585271 0.0242201 0.0184617
