0 0.502388 0.729425 0.0753627 0.0550511
0 0.46358 0.930412 0.0345268 0.051584
0 0.287372 0.686545 0.0460697 0.0600312
0 0.632624 0.289401 0.0427622 0.0635791
0 0.35407 0.38045 0.0297875 0.0364377
0 0.840902 0.438221 0.0461447 0.0398792
0 0.398919 0.525899 0.083939 0.0632013
0 0.321127 0.467241 0.10352 0.0834967
0 0.689554 0.341207 0.0525792 0.0881788
0 0.686289 0.352966 0.0511847 0.0958471
0 0.876219 0.944015 0.0305169 0.0381227
0 0.677448 0.365301 0.0413311 0.0690993
0 0.542967 0.658971 0.0193715 0.0369806
0 0.329847 0.48563 0.102838 0.103524
0 0.389809 0.519719 0.0951689 0.0747156
