0 0.502104 0.730978 0.0723318 0.0560629
0 0.285317 0.686205 0.045977 0.0596726
0 0.729669 0.398894 0.0455544 0.0371823
0 0.431944 0.11587 0.0511311 0.0754688
0 0.351905 0.379876 0.0327863 0.0379861
0 0.68661 0.317046 0.0336573 0.0843009
0 0.34199 0.482452 0.141125 0.111378
0 0.317989 0.468102 0.105352 0.0865436
0 0.443692 0.899578 0.0239179 0.0468054
0 0.385278 0.523454 0.108941 0.0683065
0 0.357236 0.493359 0.151261 0.118693
0 0.375192 0.501743 0.151746 0.114837
0 0.45277 0.991287 0.036189 0.0174254
0 0.379133 0.512601 0.126848 0.0928543
