0 0.52274 0.734233 0.0741503 0.0576169
0 0.426592 0.0984031 0.0484614 0.0525428
0 0.476233 0.926768 0.0350701 0.066151
0 0.52774 0.194809 0.0391996 0.0405799
0 0.872401 0.479544 0.0527006 0.0319392
0 0.31003 0.692131 0.0397342 0.0589371
0 0.65311 0.254299 0.0678182 0.0596989
0 0.376678 0.38451 0.0324231 0.0389974
0 0.364119 0.488962 0.134556 0.109254
0 0.351458 0.479664 0.129543 0.0990316
0 0.409308 0.527401 0.103362 0.0731673
0 0.418118 0.53121 0.0902985 0.0610821
0 0.398992 0.508128 0.137225 0.117935
0 0.338823 0.464326 0.0971769 0.0732902
