0 0.317015 0.705776 0.0425428 0.0551993
0 0.550169 0.166274 0.0584896 0.0301028
0 0.526454 0.742795 0.0677471 0.0574124
0 0.484928 0.938367 0.0457842 0.0608704
0 0.237159 0.767107 0.0400659 0.0152419
0 0.79741 0.405677 0.0482292 0.0459725
0 0.663578 0.291267 0.0291356 0.0364542
0 0.383919 0.395642 0.029402 0.0300859
0 0.34958 0.486421 0.106805 0.0992519
0 0.784126 0.465484 0.0412662 0.0611266
0 0.420335 0.538474 0.091862 0.0682456
0 0.782161 0.457102 0.0481242 0.0839804
0 0.786492 0.452087 0.0587912 0.101883
0 0.794946 0.424531 0.0601532 0.0897282
0 0.408489 0.528592 0.117045 0.0878689
0 0.986211 0.641641 0.0275786 0.0246515
0 0.424568 0.109435 0.0323367 0.0263119
0 0.364523 0.49323 0.12323 0.106418
0 0.342858 0.470166 0.0973659 0.06805
