0 0.616612 0.204761 0.0390571 0.0280359
0 0.527595 0.741399 0.0699809 0.0565403
0 0.3166 0.702504 0.043305 0.0573852
0 0.740014 0.412472 0.0356388 0.0529398
0 0.415777 0.0180811 0.0737414 0.0361622
0 0.485563 0.936451 0.0389832 0.051851
0 0.382883 0.391535 0.0291971 0.0350637
0 0.239044 0.765473 0.0405724 0.0149255
0 0.740369 0.484047 0.0266109 0.0241014
0 0.348682 0.486824 0.109089 0.099283
0 0.841647 0.410516 0.0390552 0.0396111
0 0.8932 0.447272 0.0296885 0.0245491
0 0.555075 0.583757 0.0248768 0.0187417
0 0.419332 0.535639 0.0918196 0.0705111
0 0.407102 0.52751 0.115256 0.0864854
0 0.845652 0.415502 0.0459158 0.0465428
0 0.342079 0.469497 0.0958796 0.0682803
0 0.368222 0.495052 0.137619 0.109667
0 0.396935 0.507473 0.168992 0.120095
