0 0.525116 0.737599 0.0738847 0.0566089
0 0.475576 0.927353 0.033458 0.0747244
0 0.459436 0.077466 0.0540133 0.0290528
0 0.576887 0.203429 0.0580323 0.0569415
0 0.31143 0.692804 0.0442002 0.0603528
0 0.677421 0.342388 0.0463183 0.0391731
0 0.821906 0.512901 0.0443201 0.0216303
0 0.466291 0.119108 0.0498414 0.0585729
0 0.37817 0.38525 0.032756 0.0372351
0 0.358309 0.487247 0.120664 0.103289
0 0.419136 0.533234 0.0907403 0.063326
0 0.345774 0.477939 0.112489 0.0883793
0 0.400257 0.509507 0.139676 0.119051
0 0.338111 0.464088 0.0922917 0.0702004
0 0.643152 0.527406 0.0199759 0.0384018
0 0.410031 0.525652 0.111947 0.0869717
