0 0.316842 0.706472 0.044228 0.0550016
0 0.528861 0.745328 0.0694189 0.0564678
0 0.484954 0.939731 0.0445275 0.0614636
0 0.432489 0.0896142 0.0803695 0.0762779
0 0.557516 0.182385 0.0779867 0.0661206
0 0.957352 0.625015 0.0410177 0.0389177
0 0.383306 0.398513 0.0305426 0.0338035
0 0.789014 0.408215 0.0310185 0.0751166
0 0.736905 0.380714 0.038879 0.066881
0 0.925823 0.538356 0.0213356 0.055076
0 0.732249 0.291017 0.0209718 0.0638111
0 0.235543 0.768137 0.0315573 0.013509
0 0.351048 0.487775 0.110682 0.0995865
0 0.369584 0.496045 0.144254 0.109814
0 0.413396 0.535858 0.0994908 0.0673633
0 0.402605 0.525089 0.125177 0.0901241
0 0.344041 0.472819 0.100803 0.0731238
0 0.39256 0.506331 0.16955 0.117902
0 0.571707 0.668555 0.0197566 0.0309355
