0 0.536253 0.203495 0.0594314 0.0506114
0 0.709335 0.400295 0.0666273 0.0364553
0 0.316263 0.7008 0.0450416 0.057857
0 0.52851 0.742869 0.0667033 0.0568335
0 0.822563 0.470692 0.0517278 0.0425386
0 0.831087 0.523835 0.0444365 0.0391762
0 0.481797 0.936908 0.0338875 0.0497625
0 0.381735 0.389719 0.0317335 0.032572
0 0.348328 0.484714 0.1086 0.0992681
0 0.238069 0.762258 0.0347772 0.0132146
0 0.971858 0.577467 0.0378199 0.0295467
0 0.42462 0.533809 0.0839826 0.0664032
0 0.342793 0.471035 0.100331 0.0739622
0 0.409604 0.525607 0.11289 0.0843918
0 0.36372 0.492361 0.132729 0.106443
