0 0.369332 0.0483289 0.0530696 0.0420777
0 0.489156 0.944748 0.0378846 0.0575194
0 0.317494 0.708705 0.0456148 0.0598249
0 0.824866 0.480648 0.0545893 0.0736696
0 0.529043 0.74954 0.0639975 0.0563643
0 0.550185 0.191859 0.107334 0.066518
0 0.384191 0.39991 0.0292211 0.0316921
0 0.415394 0.545453 0.0965726 0.0630376
0 0.350865 0.488054 0.111052 0.100242
0 0.401431 0.53198 0.127153 0.0914243
0 0.341672 0.469297 0.0964184 0.0659634
0 0.372451 0.501127 0.143298 0.113013
0 0.759231 0.426432 0.0332141 0.0412247
