0 0.520424 0.733973 0.0719023 0.0563576
0 0.477559 0.934816 0.0401369 0.060239
0 0.652246 0.229274 0.0380625 0.0289072
0 0.306816 0.689912 0.0438406 0.0629996
0 0.443684 0.1214 0.0363743 0.0536502
0 0.736172 0.313458 0.0245686 0.0626334
0 0.883713 0.503115 0.0307521 0.0342913
0 0.372662 0.383325 0.0317982 0.0330786
0 0.371342 0.490549 0.154819 0.120557
0 0.333831 0.465717 0.0923073 0.0753927
0 0.401577 0.524136 0.109342 0.0764003
0 0.34919 0.481933 0.129419 0.107097
0 0.39371 0.507462 0.131663 0.111016
0 0.547163 0.575235 0.0258694 0.0182934
