0 0.523818 0.735027 0.0738111 0.0574329
0 0.478077 0.929327 0.0308044 0.063875
0 0.763923 0.494257 0.0376318 0.0571957
0 0.578186 0.200057 0.0398644 0.0407112
0 0.683332 0.321319 0.0660233 0.0527775
0 0.31018 0.691119 0.04196 0.0599871
0 0.433793 0.052359 0.0615389 0.0238478
0 0.376788 0.383001 0.0309154 0.0348373
0 0.364839 0.490308 0.135429 0.110432
0 0.408593 0.527289 0.102621 0.0742167
0 0.347215 0.478076 0.11541 0.0890925
0 0.739978 0.301188 0.0290756 0.0277019
0 0.398322 0.50887 0.135197 0.11683
0 0.337906 0.463824 0.0921708 0.0683467
0 0.641225 0.229193 0.0214624 0.028624
0 0.693736 0.390555 0.0235059 0.064073
