0 0.317351 0.706559 0.0414753 0.0539954
0 0.529164 0.745137 0.0692067 0.0573224
0 0.723223 0.411177 0.0965179 0.0682205
0 0.48746 0.940196 0.0412902 0.0584674
0 0.821307 0.51014 0.0363963 0.0497132
0 0.552003 0.17546 0.0770493 0.0554356
0 0.425045 0.0971049 0.0769868 0.0558323
0 0.384012 0.39725 0.0313652 0.0323712
0 0.23645 0.768242 0.0359066 0.0137601
0 0.347182 0.485039 0.104289 0.0952445
0 0.824811 0.499389 0.0300984 0.0651746
0 0.664673 0.333952 0.0396471 0.0343475
0 0.420151 0.541048 0.0917068 0.0627736
0 0.408969 0.531025 0.114992 0.0833203
0 0.343774 0.472423 0.0998142 0.0720626
0 0.536504 0.184975 0.0662845 0.045285
