0 0.316043 0.70665 0.0423678 0.0576236
0 0.458589 0.131004 0.0477522 0.054163
0 0.410308 0.0226373 0.0879351 0.0395617
0 0.526377 0.74574 0.0701366 0.0585632
0 0.584163 0.264488 0.0302757 0.0228447
0 0.798731 0.392316 0.0492744 0.0730428
0 0.696804 0.308808 0.041096 0.063817
0 0.384089 0.396758 0.0285653 0.0320698
0 0.550944 0.192689 0.0547106 0.0565343
0 0.485543 0.943512 0.0316697 0.0490575
0 0.42447 0.544673 0.0798719 0.056916
0 0.23719 0.770871 0.0387996 0.0155323
0 0.346868 0.484157 0.102195 0.0940275
0 0.412214 0.535264 0.107292 0.0755439
0 0.342335 0.47093 0.0976198 0.0709198
0 0.804231 0.396474 0.0404503 0.0849789
