0 0.829223 0.454292 0.0301909 0.0360702
0 0.756782 0.338007 0.0653336 0.0731742
0 0.531794 0.74907 0.0702647 0.0557816
0 0.316975 0.708164 0.0440507 0.0573007
0 0.897867 0.55517 0.0367465 0.0760629
0 0.383481 0.398698 0.0286543 0.0322573
0 0.531951 0.179462 0.14086 0.111515
0 0.518756 0.166701 0.119262 0.0834258
0 0.418065 0.544826 0.0938112 0.0614694
0 0.348455 0.486188 0.107735 0.0981442
0 0.484503 0.944431 0.0238938 0.0381
0 0.343035 0.471445 0.101119 0.0717983
0 0.404386 0.532605 0.125777 0.0873448
0 0.360434 0.494715 0.128529 0.103123
0 0.241404 0.773411 0.0360831 0.0177832
0 0.570159 0.670277 0.0199816 0.0327489
