0 0.504294 0.729894 0.0783018 0.0586514
0 0.700113 0.332661 0.0421671 0.06577
0 0.291271 0.688469 0.0464987 0.0583746
0 0.460226 0.149339 0.0689824 0.0699337
0 0.832315 0.479017 0.0530322 0.081514
0 0.358498 0.381443 0.0308112 0.0332699
0 0.907926 0.524091 0.0435553 0.0748806
0 0.855227 0.555062 0.0654292 0.0881829
0 0.882654 0.987824 0.0268431 0.0229439
0 0.466135 0.93167 0.030589 0.0413733
0 0.396822 0.525476 0.0993485 0.0647339
0 0.327781 0.470969 0.111493 0.0905386
0 0.345765 0.474147 0.129792 0.100556
0 0.546357 0.662163 0.0193524 0.0326359
0 0.385417 0.518842 0.124158 0.0858764
0 0.837318 0.500986 0.0530688 0.104625
0 0.378538 0.501396 0.153431 0.11314
