0 0.526677 0.745479 0.0719727 0.0597758
0 0.316917 0.708257 0.0431033 0.055156
0 0.433301 0.105594 0.0537494 0.0478265
0 0.808361 0.507843 0.0303868 0.0320869
0 0.383848 0.399526 0.0298758 0.0330737
0 0.648327 0.25735 0.072976 0.0782878
0 0.424815 0.54533 0.0758293 0.0575428
0 0.787412 0.379734 0.061964 0.0696292
0 0.536281 0.185557 0.124813 0.0967756
0 0.34381 0.485369 0.103872 0.0879176
0 0.236122 0.771376 0.0407274 0.0141237
0 0.486147 0.946435 0.0264404 0.0421888
0 0.788713 0.394665 0.0735053 0.104264
0 0.413867 0.539569 0.10046 0.0707729
0 0.768293 0.408499 0.0411097 0.0585583
0 0.801288 0.401813 0.0525641 0.0935206
