0 0.527624 0.740587 0.0710894 0.0551651
0 0.313325 0.695175 0.0468793 0.0639504
0 0.587026 0.268942 0.051531 0.0418233
0 0.381303 0.389011 0.0301685 0.0354308
0 0.571121 0.204923 0.0778718 0.0707217
0 0.346082 0.48018 0.107481 0.0957574
0 0.757672 0.417642 0.0915296 0.115072
0 0.421633 0.534072 0.0830972 0.0643796
0 0.696304 0.29337 0.0229671 0.0689852
0 0.701244 0.275072 0.0215857 0.0506769
0 0.409984 0.529281 0.102227 0.0759306
0 0.759227 0.432221 0.08521 0.0895714
0 0.569273 0.664014 0.0212306 0.0388052
0 0.234524 0.758325 0.035103 0.0166051
0 0.739403 0.383823 0.041887 0.100586
0 0.554254 0.579194 0.0243061 0.0194314
