0 0.528081 0.743158 0.06852 0.0566111
0 0.316086 0.701866 0.0407856 0.0566666
0 0.481512 0.938745 0.0353025 0.0497646
0 0.717664 0.393983 0.0663718 0.0468286
0 0.381629 0.389454 0.0317403 0.034488
0 0.803629 0.464854 0.068161 0.10572
0 0.345486 0.481865 0.103622 0.093287
0 0.427004 0.536907 0.0748872 0.0620465
0 0.239835 0.762723 0.0367842 0.0137106
0 0.97732 0.588203 0.0407552 0.0266473
0 0.341025 0.468987 0.096274 0.0723118
0 0.412896 0.530644 0.101453 0.0755916
0 0.731904 0.380942 0.0353774 0.0473642
0 0.812088 0.486224 0.058593 0.065136
