0 0.267237 0.683048 0.044258 0.0591824
0 0.531308 0.148399 0.0936001 0.0428421
0 0.539058 0.239135 0.0328605 0.0331618
0 0.482242 0.725151 0.0750815 0.0571669
0 0.663782 0.318689 0.0409579 0.0448058
0 0.612666 0.294338 0.0377796 0.0219455
0 0.378835 0.524972 0.0882213 0.0591846
0 0.337075 0.378752 0.0283489 0.0341139
0 0.443015 0.923531 0.023949 0.0403898
0 0.300792 0.466233 0.10759 0.0820881
0 0.433427 0.98926 0.0354543 0.0202994
0 0.666402 0.299251 0.0410008 0.0847751
0 0.669455 0.287807 0.0330033 0.0635824
