0 0.491019 0.945411 0.0373746 0.0568168
0 0.318083 0.708928 0.041378 0.0563412
0 0.528295 0.747252 0.0684133 0.0588417
0 0.343116 0.0229374 0.0465575 0.02579
0 0.567071 0.195424 0.0829201 0.0607542
0 0.382775 0.39898 0.0301808 0.0308212
0 0.669843 0.324253 0.0651724 0.0662694
0 0.420613 0.545938 0.0845898 0.0601649
0 0.745759 0.398843 0.0393217 0.0227355
0 0.346741 0.485821 0.106614 0.0975381
0 0.724075 0.332925 0.0494962 0.0859392
0 0.408316 0.535642 0.113949 0.082196
0 0.341725 0.470779 0.0986696 0.0685188
0 0.733499 0.338577 0.0369904 0.0771394
0 0.24007 0.774075 0.0320767 0.0191393
0 0.687412 0.328052 0.105859 0.0758867
