0 0.855524 0.447553 0.0658407 0.0282588
0 0.317574 0.713953 0.0444179 0.0596733
0 0.557145 0.199627 0.0719776 0.0702237
0 0.528288 0.751923 0.0608059 0.0535265
0 0.687541 0.358269 0.0426428 0.0701799
0 0.423957 0.550566 0.0792896 0.054057
0 0.399064 0.0451767 0.051001 0.0234455
0 0.48605 0.951828 0.0212524 0.0431745
0 0.33691 0.0227449 0.0362113 0.0202288
0 0.461385 0.0466933 0.0317528 0.01978
0 0.342377 0.486666 0.100052 0.0881121
0 0.338716 0.473094 0.0912778 0.0689859
0 0.824151 0.547398 0.0408994 0.01647
0 0.38233 0.404484 0.0276105 0.0309082
