0 0.315925 0.702673 0.0405354 0.0569702
0 0.527658 0.743065 0.071945 0.0581571
0 0.482216 0.933819 0.0409765 0.0560669
0 0.332704 0.0114826 0.0382739 0.0229651
0 0.723848 0.411613 0.07956 0.0645604
0 0.791891 0.381471 0.0643024 0.053896
0 0.723696 0.303913 0.0495906 0.066752
0 0.381604 0.390212 0.031175 0.0344867
0 0.763598 0.48097 0.0299346 0.0290402
0 0.428551 0.538115 0.0683427 0.0564497
0 0.34479 0.4786 0.0987225 0.0848146
0 0.23725 0.763757 0.0349214 0.012212
0 0.339053 0.467728 0.0900872 0.0686374
0 0.555073 0.583017 0.0246869 0.0171247
0 0.570371 0.667947 0.0203869 0.0351512
