0 0.515629 0.734757 0.0777209 0.0584283
0 0.3059 0.688721 0.0444583 0.0653627
0 0.47649 0.936269 0.0337416 0.0526471
0 0.682679 0.266816 0.0684583 0.0408583
0 0.459706 0.0555589 0.0488448 0.0498343
0 0.371238 0.383864 0.0319812 0.0328502
0 0.526473 0.129408 0.0916438 0.109737
0 0.705027 0.378508 0.0198567 0.0318743
0 0.342779 0.476923 0.121099 0.0950158
0 0.403487 0.527359 0.101694 0.06514
0 0.447286 0.881359 0.0344114 0.0252172
0 0.961176 0.596489 0.0378637 0.0281453
0 0.527041 0.144273 0.0857879 0.0825408
0 0.664774 0.30554 0.033034 0.0581479
0 0.39062 0.512164 0.134573 0.103235
0 0.664143 0.311663 0.0255605 0.0389123
0 0.544839 0.575458 0.0264587 0.0193365
0 0.35863 0.494968 0.142388 0.110887
