0 0.317827 0.70445 0.0444362 0.0574968
0 0.48671 0.939937 0.0434645 0.0569391
0 0.528935 0.746071 0.0645492 0.0562788
0 0.236307 0.76699 0.0412244 0.0143178
0 0.384947 0.396162 0.0281105 0.0326123
0 0.764065 0.368081 0.0641675 0.0683002
0 0.42575 0.542086 0.0770431 0.0605866
0 0.78032 0.461421 0.040537 0.057509
0 0.345155 0.483514 0.102109 0.0928997
0 0.690537 0.340911 0.0495446 0.093323
0 0.494333 0.191894 0.0945811 0.103789
0 0.48366 0.169276 0.0963223 0.112934
0 0.476066 0.156385 0.0842845 0.0925875
0 0.413366 0.533243 0.101937 0.0785471
0 0.555756 0.584856 0.0240892 0.0174758
0 0.98987 0.652185 0.0202597 0.0349667
0 0.570804 0.668244 0.0193536 0.0334668
0 0.514576 0.204916 0.0532529 0.0705302
0 0.683327 0.327643 0.0369477 0.0688046
