0 0.492485 0.725989 0.0744948 0.0597444
0 0.275357 0.684388 0.0455097 0.0620862
0 0.676679 0.384691 0.0553243 0.0751264
0 0.508228 0.155759 0.0830976 0.0998879
0 0.57786 0.235511 0.0769284 0.0872645
0 0.884195 0.593042 0.0410829 0.0803232
0 0.576099 0.242231 0.0730026 0.0639076
0 0.319346 0.471282 0.130825 0.0996944
0 0.590411 0.22563 0.0506623 0.0656161
0 0.827894 0.54581 0.0955952 0.0803291
0 0.379267 0.518336 0.102927 0.0733847
0 0.330733 0.482189 0.142131 0.11613
0 0.882875 0.578027 0.0518817 0.114865
0 0.820635 0.532455 0.0821571 0.0564272
0 0.308639 0.460627 0.104576 0.0772834
0 0.443796 0.991486 0.0336442 0.0170286
0 0.369702 0.504482 0.140101 0.108295
0 0.353435 0.49394 0.170098 0.125158
0 0.851415 0.566816 0.0999504 0.120385
