0 0.318892 0.704968 0.041647 0.054464
0 0.528525 0.743385 0.0687522 0.0561342
0 0.576845 0.253175 0.0875034 0.0492691
0 0.485475 0.937426 0.0356615 0.0541861
0 0.239294 0.766344 0.0426004 0.0166461
0 0.382943 0.392779 0.0322047 0.0314484
0 0.748647 0.415122 0.0600376 0.0720389
0 0.428354 0.541432 0.0734459 0.0601467
0 0.732627 0.407137 0.0578078 0.0644031
0 0.345417 0.481802 0.099805 0.0867739
0 0.740695 0.410436 0.0706732 0.0767514
0 0.556146 0.585239 0.0250887 0.0200946
0 0.416258 0.534503 0.095556 0.0745947
