0 0.497203 0.168032 0.0859001 0.0778405
0 0.274608 0.685026 0.0455055 0.0628309
0 0.701418 0.300295 0.037878 0.0491054
0 0.490943 0.726496 0.0738115 0.0595787
0 0.941426 0.631745 0.0325623 0.0388465
0 0.690637 0.423151 0.0864995 0.075846
0 0.449856 0.929931 0.0267273 0.0572749
0 0.387611 0.088196 0.0524831 0.0422204
0 0.318576 0.471803 0.122796 0.0964524
0 0.379301 0.519474 0.101847 0.0722413
0 0.44225 0.990513 0.0364953 0.0189735
0 0.368949 0.505883 0.13982 0.109037
0 0.340633 0.377137 0.0347322 0.0318143
0 0.30793 0.462004 0.105722 0.0789783
0 0.350347 0.495207 0.15945 0.12301
