0 0.514405 0.734129 0.0720766 0.0582347
0 0.300277 0.68827 0.0437246 0.0636034
0 0.716983 0.312687 0.048337 0.0440483
0 0.732452 0.416306 0.0232986 0.0772119
0 0.475877 0.936313 0.0374936 0.057056
0 0.36763 0.382147 0.0301716 0.0355783
0 0.45822 0.065259 0.0645751 0.0345056
0 0.397001 0.526413 0.110065 0.0699231
0 0.388341 0.511043 0.129676 0.103394
0 0.347451 0.4817 0.132411 0.102418
0 0.361368 0.492189 0.147113 0.11344
0 0.330804 0.470006 0.096712 0.0846593
0 0.3815 0.504143 0.166953 0.123375
0 0.555512 0.661675 0.0228624 0.0334791
0 0.733346 0.426691 0.0225482 0.0636598
