0 0.317329 0.705557 0.0453619 0.0571929
0 0.554301 0.177154 0.076586 0.0495009
0 0.529637 0.746214 0.066818 0.0574373
0 0.677344 0.588592 0.0617487 0.0847082
0 0.485358 0.93844 0.0451761 0.0611618
0 0.659644 0.305666 0.0804176 0.0792302
0 0.458209 0.127982 0.0324894 0.0658225
0 0.939254 0.594232 0.0391097 0.0544548
0 0.843717 0.509006 0.0661129 0.051363
0 0.384526 0.396743 0.0282497 0.0317484
0 0.237767 0.767713 0.0348958 0.0146632
0 0.865845 0.570889 0.0646219 0.0706848
0 0.348715 0.485143 0.107579 0.0959966
0 0.419063 0.539847 0.0944725 0.0652044
0 0.73511 0.464553 0.0366158 0.0336472
0 0.407433 0.530484 0.117273 0.0842791
0 0.361651 0.492928 0.131204 0.105353
0 0.343934 0.47177 0.100508 0.0712302
