0 0.523998 0.735283 0.0747295 0.0572078
0 0.482602 0.0864687 0.0684462 0.0397708
0 0.478807 0.927413 0.0360214 0.0643678
0 0.309418 0.69133 0.0417524 0.0599506
0 0.607998 0.233877 0.073041 0.0243697
0 0.53073 0.187189 0.0449818 0.0439141
0 0.376524 0.384039 0.0314137 0.0351301
0 0.364163 0.48963 0.122558 0.102088
0 0.418736 0.530956 0.0856078 0.0596358
0 0.348038 0.480059 0.120388 0.0942252
0 0.39919 0.507258 0.134394 0.117707
0 0.333497 0.461193 0.0848234 0.0636584
0 0.408433 0.524579 0.10795 0.0840875
