0 0.65099 0.392574 0.0516469 0.0555952
0 0.490879 0.726823 0.0759855 0.0592709
0 0.274177 0.684032 0.0454035 0.063518
0 0.739539 0.363104 0.0590167 0.0896481
0 0.513643 0.17519 0.114851 0.0961186
0 0.315299 0.0334643 0.0750402 0.0669286
0 0.453686 0.932455 0.0273521 0.0472374
0 0.345182 0.485357 0.176053 0.126024
0 0.325518 0.475628 0.147477 0.110393
0 0.442723 0.990829 0.0352067 0.0183412
0 0.313759 0.467914 0.117577 0.0916312
0 0.375496 0.518534 0.105658 0.0734265
0 0.883925 0.558998 0.030853 0.0408173
0 0.365139 0.504489 0.139305 0.109168
