0 0.526685 0.739157 0.0726254 0.0575514
0 0.31389 0.697033 0.0456821 0.0633285
0 0.570907 0.201087 0.0830851 0.0753482
0 0.926621 0.621224 0.0653124 0.0663474
0 0.380637 0.388236 0.034682 0.0366873
0 0.747308 0.406265 0.0360768 0.0537161
0 0.677595 0.282721 0.0353953 0.0398004
0 0.348586 0.482496 0.108222 0.0992789
0 0.747494 0.397688 0.0371535 0.0844607
0 0.420063 0.533113 0.0880532 0.0640563
0 0.41001 0.528179 0.104496 0.0755605
0 0.339867 0.465393 0.0944679 0.0730709
0 0.233531 0.75879 0.0329243 0.0157911
