0 0.315426 0.701836 0.0447038 0.0575789
0 0.481433 0.932653 0.0448723 0.0617527
0 0.527999 0.743526 0.0704838 0.0580194
0 0.38066 0.390233 0.0337868 0.0332744
0 0.239457 0.762805 0.0446841 0.0147908
0 0.600578 0.209113 0.105487 0.0679513
0 0.723292 0.415847 0.0681071 0.0407685
0 0.345209 0.481468 0.102855 0.0908588
0 0.425928 0.536461 0.0770141 0.0651042
0 0.746387 0.380302 0.0305109 0.053792
0 0.554958 0.582995 0.0240297 0.0169942
0 0.412342 0.530265 0.102244 0.0792175
0 0.736399 0.392665 0.055583 0.0783848
0 0.57094 0.667916 0.0207381 0.0348775
