0 0.316785 0.705007 0.0425755 0.0563121
0 0.526821 0.744198 0.069552 0.058903
0 0.932608 0.643069 0.080641 0.0544727
0 0.483659 0.937525 0.0490134 0.061013
0 0.593457 0.26096 0.0903317 0.0451878
0 0.2356 0.766865 0.0397059 0.0156608
0 0.776503 0.46725 0.0556273 0.0751109
0 0.384378 0.396403 0.030239 0.031449
0 0.347583 0.483623 0.103513 0.0920882
0 0.427914 0.541441 0.0769188 0.061527
0 0.730802 0.413608 0.0331602 0.0218045
0 0.679394 0.339124 0.02421 0.0384269
0 0.446273 0.119017 0.0315421 0.0227379
0 0.414544 0.531687 0.103922 0.0810595
