0 0.491391 0.730723 0.075395 0.060837
0 0.27571 0.684169 0.0427252 0.0598245
0 0.334695 0.00969127 0.0490813 0.0193825
0 0.752158 0.347364 0.0540948 0.0559431
0 0.512934 0.179143 0.0643724 0.0784537
0 0.380653 0.521599 0.0966636 0.0688156
0 0.446185 0.930292 0.0250127 0.054106
0 0.308393 0.466807 0.108708 0.0884774
0 0.668086 0.403708 0.079083 0.103631
0 0.683605 0.419796 0.104502 0.135309
0 0.341395 0.377675 0.034157 0.0316108
0 0.695096 0.434086 0.0864763 0.0924966
0 0.439697 0.990365 0.038483 0.0192696
0 0.370317 0.511748 0.129772 0.099982
0 0.452827 0.161646 0.0289117 0.0475346
0 0.327864 0.481332 0.131289 0.113996
0 0.662842 0.391515 0.0683365 0.0803439
