0 0.567891 0.199479 0.0815423 0.0614437
0 0.489465 0.950147 0.0356234 0.045825
0 0.316026 0.710832 0.0431877 0.0607049
0 0.528845 0.750159 0.0650932 0.0552413
0 0.862332 0.510446 0.0326126 0.0557481
0 0.887245 0.634821 0.0442741 0.0190475
0 0.728202 0.483914 0.0325525 0.028301
0 0.765366 0.444507 0.0501223 0.0234431
0 0.421589 0.547984 0.0878336 0.0584384
0 0.383422 0.401955 0.0294893 0.0326567
0 0.343391 0.486941 0.106093 0.0924836
0 0.406735 0.53517 0.123232 0.0852226
0 0.340675 0.473762 0.0989081 0.0723521
0 0.356163 0.493265 0.105533 0.0954939
