0 0.315935 0.705289 0.0435416 0.0563177
0 0.554466 0.170491 0.0637203 0.0352106
0 0.881655 0.616346 0.0472267 0.0291113
0 0.48565 0.939333 0.0456316 0.0592592
0 0.529512 0.745715 0.0641826 0.0571465
0 0.236419 0.767438 0.0399459 0.0150512
0 0.384181 0.396908 0.0301557 0.0321404
0 0.340292 0.0199861 0.0310516 0.0258906
0 0.3485 0.485667 0.106971 0.0978292
0 0.821279 0.458125 0.0272768 0.0754302
0 0.421643 0.538099 0.0883644 0.0677803
0 0.775888 0.456514 0.0479962 0.0781739
0 0.824336 0.464588 0.0222899 0.0586047
0 0.408096 0.52728 0.116815 0.0889652
0 0.778287 0.460284 0.0393819 0.0631287
0 0.344042 0.472658 0.10027 0.0746676
