0 0.509105 0.731917 0.0731596 0.0580924
0 0.295072 0.686029 0.0489842 0.0634848
0 0.870579 0.602647 0.0431232 0.041177
0 0.362217 0.381574 0.0347465 0.0360403
0 0.538222 0.157707 0.126824 0.0770024
0 0.631919 0.278615 0.0248046 0.040826
0 0.394455 0.527493 0.109564 0.0690517
0 0.330996 0.470493 0.11308 0.0883347
0 0.347469 0.47568 0.13621 0.101326
0 0.38545 0.516249 0.128541 0.0942894
0 0.549821 0.65926 0.0185913 0.0347546
0 0.378324 0.504165 0.162462 0.120171
0 0.536661 0.573391 0.025121 0.0173275
