0 0.524147 0.736521 0.0719595 0.0551903
0 0.47802 0.927043 0.0352551 0.063334
0 0.428915 0.0423155 0.0714642 0.0367289
0 0.570458 0.193155 0.0482589 0.0487846
0 0.771731 0.48684 0.04738 0.0196489
0 0.31006 0.691216 0.0430169 0.0638123
0 0.377722 0.385324 0.0315406 0.0374874
0 0.669607 0.334449 0.0422283 0.0340728
0 0.357013 0.486699 0.125337 0.105838
0 0.701536 0.333067 0.03425 0.0387167
0 0.419275 0.531859 0.0869863 0.0612524
0 0.345453 0.477606 0.112414 0.0893844
0 0.339025 0.466206 0.0942501 0.0750384
0 0.397741 0.508187 0.139626 0.117697
0 0.70609 0.358569 0.0218477 0.0342177
0 0.40999 0.525736 0.107756 0.0845108
