0 0.52693 0.739168 0.0721301 0.0562649
0 0.313472 0.695353 0.0462946 0.0610873
0 0.452047 0.0195817 0.0841922 0.0365989
0 0.567847 0.201382 0.0789162 0.0778589
0 0.952386 0.621489 0.0330131 0.0645394
0 0.748366 0.408183 0.0364791 0.0627787
0 0.379718 0.386035 0.0322622 0.0357888
0 0.352696 0.483796 0.117275 0.101212
0 0.643191 0.530786 0.0225067 0.0415801
0 0.841137 0.541436 0.0340383 0.0157402
0 0.686373 0.347267 0.0329945 0.0389214
0 0.418893 0.532102 0.0922161 0.0633273
0 0.407569 0.527122 0.109727 0.0772752
0 0.342964 0.469438 0.0999756 0.0800666
0 0.394955 0.50614 0.1568 0.120359
