0 0.525352 0.737327 0.0719056 0.0548514
0 0.481209 0.931734 0.038077 0.0675188
0 0.311062 0.693458 0.0406492 0.060107
0 0.379483 0.386143 0.0337597 0.0375988
0 0.752748 0.439307 0.0705147 0.0890013
0 0.696357 0.350287 0.0814967 0.0510825
0 0.64293 0.530088 0.0212936 0.0425386
0 0.37273 0.490134 0.155703 0.114905
0 0.68659 0.291047 0.0409756 0.0577959
0 0.702886 0.341491 0.0778296 0.063071
0 0.70025 0.331492 0.0880212 0.106174
0 0.531789 0.167781 0.154535 0.110457
0 0.349291 0.479404 0.116325 0.0918854
0 0.396481 0.505923 0.14775 0.116936
0 0.518568 0.14905 0.15512 0.117674
0 0.48838 0.135843 0.108901 0.0884873
0 0.404398 0.523083 0.114494 0.082477
0 0.62552 0.230811 0.061619 0.0538706
0 0.479879 0.12902 0.0880381 0.0717821
0 0.343463 0.466778 0.100751 0.0755144
0 0.552457 0.578674 0.0227417 0.0192237
