0 0.525085 0.737322 0.0729454 0.0568159
0 0.313925 0.69965 0.0452582 0.0599205
0 0.850832 0.574886 0.0269057 0.0496374
0 0.475826 0.928853 0.0268693 0.055963
0 0.381282 0.390694 0.0324816 0.0341105
0 0.73497 0.40697 0.0999682 0.0689278
0 0.531118 0.168346 0.0374553 0.0351596
0 0.691183 0.299709 0.0444934 0.049559
0 0.346928 0.481969 0.10777 0.0975713
0 0.143747 0.335878 0.0331856 0.0181821
0 0.237606 0.760114 0.0331418 0.0149441
0 0.195798 0.268403 0.0325656 0.0204642
0 0.421043 0.53333 0.0852134 0.0670809
0 0.407902 0.527011 0.108307 0.0804029
