0 0.527008 0.73989 0.0707554 0.054837
0 0.314104 0.697196 0.0442427 0.0647399
0 0.657755 0.275179 0.0347099 0.0348809
0 0.382152 0.389914 0.0307444 0.0360934
0 0.349358 0.48426 0.108982 0.102448
0 0.720802 0.373204 0.0570111 0.118557
0 0.749166 0.413824 0.0880594 0.119596
0 0.238012 0.758784 0.0381409 0.0163398
0 0.420637 0.533272 0.0875698 0.0682025
0 0.75166 0.429748 0.0785847 0.0878654
0 0.464045 0.901688 0.0257133 0.0501807
0 0.407817 0.525903 0.111079 0.0833471
0 0.342455 0.469731 0.0985906 0.0776415
0 0.715385 0.352797 0.054068 0.0870708
