0 0.316813 0.713277 0.0427113 0.0565429
0 0.392521 0.0422148 0.0744678 0.0283803
0 0.8362 0.551334 0.0491786 0.0209589
0 0.52781 0.751248 0.063045 0.0548465
0 0.558062 0.199847 0.0756944 0.0746502
0 0.479905 0.106164 0.0690475 0.0555484
0 0.487233 0.949816 0.0219375 0.0443878
0 0.420123 0.550029 0.0885235 0.0559076
0 0.485116 0.169988 0.0307791 0.0416026
0 0.41135 0.545903 0.114519 0.0661726
0 0.343581 0.487187 0.103196 0.0918846
0 0.382682 0.402418 0.0283823 0.027276
0 0.339156 0.472792 0.0925477 0.0673698
0 0.357513 0.491897 0.0940559 0.0872549
