0 0.317637 0.70653 0.0410591 0.0516981
0 0.527745 0.744578 0.0692874 0.0578237
0 0.486411 0.941097 0.0418202 0.0590668
0 0.383468 0.397799 0.0298831 0.0327138
0 0.384944 0.0190007 0.0675334 0.0313378
0 0.501385 0.18563 0.0694145 0.0623305
0 0.737486 0.372817 0.0593309 0.104116
0 0.74577 0.48639 0.0297923 0.017703
0 0.235767 0.768194 0.0346349 0.0133816
0 0.57048 0.192559 0.0647044 0.0666023
0 0.346442 0.484152 0.10458 0.0938252
0 0.422359 0.54233 0.0840747 0.0604739
0 0.409476 0.531149 0.111633 0.082243
0 0.74781 0.396378 0.0459924 0.0872167
0 0.570525 0.670286 0.0206883 0.0324061
0 0.545695 0.190725 0.106547 0.0726704
