0 0.316099 0.705226 0.0464902 0.0587535
0 0.551883 0.176498 0.0724671 0.0467958
0 0.442033 0.146669 0.0341269 0.0512074
0 0.528459 0.745208 0.0674618 0.0581895
0 0.485571 0.939528 0.0418494 0.0575733
0 0.688854 0.606139 0.0505607 0.0638161
0 0.237517 0.767237 0.0388653 0.0151839
0 0.384307 0.395744 0.0281659 0.0293219
0 0.345708 0.482058 0.0999998 0.0873542
0 0.6705 0.307136 0.0486716 0.074294
0 0.427292 0.541025 0.0746083 0.0593386
0 0.715931 0.369803 0.0472093 0.0802984
0 0.415665 0.533748 0.097494 0.0751512
