0 0.316241 0.70409 0.0431299 0.057934
0 0.528148 0.743489 0.0662846 0.0566387
0 0.48529 0.936919 0.0414945 0.0563951
0 0.239555 0.765907 0.0434719 0.0174177
0 0.383391 0.391561 0.0320058 0.0334125
0 0.564456 0.239017 0.033323 0.0198734
0 0.345742 0.48202 0.101275 0.0873955
0 0.662562 0.31477 0.0290095 0.0486373
0 0.426897 0.540076 0.0770469 0.0607047
0 0.741186 0.44044 0.0493538 0.0268132
0 0.414692 0.533568 0.0977499 0.074173
0 0.715262 0.401026 0.0397416 0.0238014
0 0.556041 0.584629 0.0240635 0.0184501
