0 0.766965 0.419283 0.0572242 0.0533727
0 0.503593 0.728324 0.0744311 0.0538349
0 0.290219 0.687904 0.0454258 0.0597665
0 0.459405 0.924731 0.0360932 0.0721083
0 0.356389 0.381567 0.0338728 0.0352702
0 0.704555 0.39708 0.0311482 0.0243196
0 0.404604 0.0410649 0.142142 0.0821297
0 0.32068 0.468264 0.0991486 0.0846388
0 0.325111 0.0251528 0.0746366 0.0316394
0 0.393067 0.525098 0.0994083 0.0653661
0 0.337232 0.473462 0.120774 0.100246
0 0.394534 0.0364553 0.118603 0.0680143
0 0.544294 0.661265 0.0184319 0.0357189
0 0.35549 0.48708 0.139883 0.116176
0 0.451259 0.915319 0.0259529 0.0601881
0 0.379451 0.0463491 0.157627 0.0742578
0 0.384141 0.5204 0.121647 0.0827543
0 0.377249 0.503409 0.154123 0.11219
