0 0.48889 0.727397 0.0729253 0.0582609
0 0.273914 0.683843 0.0457798 0.0619569
0 0.622826 0.3121 0.0592889 0.0585302
0 0.728818 0.319398 0.0694737 0.0741814
0 0.503943 0.18252 0.123354 0.117343
0 0.341155 0.376953 0.0338548 0.0371274
0 0.500071 0.172011 0.104759 0.0949301
0 0.439916 0.9907 0.0354843 0.0186002
0 0.372861 0.520149 0.101597 0.068403
0 0.30866 0.468309 0.114309 0.0892032
0 0.324495 0.475779 0.145194 0.107901
0 0.342092 0.486334 0.168365 0.123434
0 0.360641 0.505821 0.131736 0.102505
0 0.449392 0.930208 0.029146 0.0384783
0 0.368493 0.517253 0.118143 0.0849488
