0 0.517515 0.734077 0.0765684 0.0596172
0 0.305532 0.688119 0.0444212 0.0652387
0 0.477493 0.935269 0.0382764 0.0600502
0 0.801474 0.495219 0.0403461 0.0590218
0 0.370397 0.384033 0.0359606 0.037014
0 0.673868 0.261231 0.090487 0.083665
0 0.741652 0.361005 0.0359668 0.0785489
0 0.407985 0.529027 0.0972254 0.0657617
0 0.332792 0.46871 0.0949433 0.0823345
0 0.34684 0.481781 0.122836 0.105957
0 0.710113 0.363491 0.025209 0.0490329
0 0.545311 0.575512 0.0287066 0.0192538
0 0.395467 0.521408 0.127811 0.0907185
0 0.848518 0.522402 0.0355136 0.024878
0 0.389496 0.0264063 0.0453637 0.0247214
0 0.746832 0.365455 0.036376 0.0775499
