0 0.489333 0.728904 0.0741817 0.0593543
0 0.274063 0.683931 0.0455053 0.0618598
0 0.779917 0.380157 0.0657911 0.070009
0 0.451426 0.928123 0.034341 0.0516531
0 0.383683 0.524073 0.0833558 0.059456
0 0.628024 0.314043 0.0650656 0.0685543
0 0.476117 0.129904 0.133086 0.0937461
0 0.340965 0.376986 0.0335432 0.034917
0 0.617828 0.27342 0.0300472 0.0709118
0 0.666909 0.287054 0.0407858 0.0828691
0 0.842741 0.443268 0.0356381 0.0239933
0 0.303869 0.466141 0.103643 0.0820822
0 0.628078 0.300048 0.0637791 0.0974922
0 0.439988 0.990162 0.0393422 0.0196751
0 0.465496 0.123684 0.111145 0.0777292
0 0.480782 0.150344 0.141576 0.122286
0 0.636064 0.294783 0.0868607 0.116001
0 0.51448 0.181121 0.0704375 0.0805619
0 0.492873 0.167381 0.117701 0.110577
