0 0.317004 0.704541 0.043446 0.055518
0 0.528505 0.744098 0.0704875 0.0591598
0 0.486061 0.93813 0.0409949 0.0558674
0 0.646365 0.293703 0.0403016 0.0435085
0 0.237588 0.766602 0.0402379 0.0170212
0 0.38335 0.392633 0.031703 0.0341829
0 0.348847 0.486337 0.107219 0.0987078
0 0.42235 0.538833 0.0956919 0.0703785
0 0.759591 0.455095 0.103194 0.117092
0 0.40844 0.528691 0.123192 0.0902259
0 0.363126 0.493607 0.131902 0.107927
0 0.722452 0.377858 0.0399511 0.0982609
0 0.343839 0.472541 0.0992439 0.0722563
