0 0.315883 0.714166 0.0432769 0.0614192
0 0.74018 0.341349 0.0411077 0.0514611
0 0.835017 0.47937 0.0694816 0.0663321
0 0.530523 0.749972 0.0678208 0.0558408
0 0.552487 0.18366 0.0562305 0.0444068
0 0.492202 0.953066 0.0303024 0.0412855
0 0.75629 0.426633 0.0579668 0.078035
0 0.383113 0.402243 0.0277818 0.0328668
0 0.419089 0.549399 0.0918612 0.0564322
0 0.88705 0.60893 0.0296352 0.0265862
0 0.748938 0.42223 0.0481534 0.0704242
0 0.345007 0.488003 0.106405 0.0928744
0 0.404507 0.534266 0.127252 0.0877367
0 0.338427 0.472362 0.0936014 0.066834
0 0.363123 0.496465 0.106257 0.0990804
