0 0.316994 0.702609 0.0405723 0.055496
0 0.527833 0.742174 0.0682438 0.0566199
0 0.63112 0.212054 0.037848 0.0253149
0 0.741884 0.425975 0.0753551 0.0257299
0 0.484502 0.936681 0.0402909 0.0536096
0 0.382596 0.390606 0.0299532 0.0327181
0 0.849459 0.553883 0.0411255 0.0418342
0 0.236664 0.76508 0.0353103 0.0135531
0 0.627325 0.284793 0.0443307 0.0416423
0 0.347609 0.484353 0.100261 0.091295
0 0.424638 0.536949 0.0803418 0.064527
0 0.410997 0.529465 0.107854 0.0806075
0 0.555215 0.58369 0.0243828 0.0184031
0 0.340318 0.468975 0.0916503 0.0649559
0 0.361774 0.489542 0.0909233 0.0944685
