0 0.519762 0.734237 0.0726267 0.0565779
0 0.306458 0.690287 0.0432074 0.0636411
0 0.477975 0.933261 0.0406474 0.0577521
0 0.451183 0.138141 0.0648861 0.0611477
0 0.372434 0.381917 0.0334428 0.0323133
0 0.732238 0.309912 0.0279014 0.0668113
0 0.678694 0.287009 0.0670338 0.0678636
0 0.404105 0.527048 0.104804 0.0690315
0 0.363597 0.485991 0.147999 0.115474
0 0.735497 0.306241 0.0287497 0.086181
0 0.544258 0.137242 0.042459 0.0254837
0 0.336269 0.467014 0.098472 0.0790278
0 0.343685 0.47533 0.116683 0.0928127
0 0.546948 0.575873 0.0268612 0.019201
0 0.393426 0.510027 0.135633 0.110223
