0 0.512344 0.732861 0.0697289 0.0575776
0 0.299725 0.689156 0.0447886 0.0630002
0 0.746157 0.472831 0.0371003 0.051468
0 0.501129 0.149289 0.0541711 0.0803326
0 0.714183 0.337046 0.050998 0.0738965
0 0.47342 0.936688 0.0359652 0.0559211
0 0.365264 0.381641 0.0302771 0.0342773
0 0.34828 0.479077 0.136086 0.103152
0 0.398386 0.527721 0.106309 0.0673414
0 0.333335 0.472592 0.110653 0.0895122
0 0.384847 0.512554 0.135307 0.102147
0 0.361051 0.498192 0.147731 0.111872
0 0.554008 0.662848 0.0205982 0.0325868
