0 0.563987 0.204518 0.0771708 0.0570931
0 0.316651 0.709354 0.0410959 0.0536706
0 0.917797 0.521964 0.0680802 0.0669897
0 0.526917 0.746018 0.0710733 0.0597932
0 0.414237 0.0720664 0.0457656 0.0403857
0 0.959352 0.582189 0.0477395 0.0281737
0 0.384511 0.39885 0.0306872 0.0331755
0 0.485698 0.945995 0.028296 0.0463099
0 0.745043 0.342655 0.035535 0.0611725
0 0.348368 0.485848 0.10672 0.097906
0 0.417874 0.544458 0.0932696 0.0606833
0 0.23588 0.771678 0.0374674 0.0150855
0 0.403505 0.530725 0.125268 0.0885907
0 0.342462 0.47189 0.0995564 0.0726554
0 0.361451 0.494515 0.12919 0.105136
