0 0.528748 0.747856 0.0719232 0.0586197
0 0.317846 0.710769 0.0391301 0.0489309
0 0.576996 0.219993 0.0982213 0.0846834
0 0.446736 0.10296 0.0407814 0.0352901
0 0.762264 0.516434 0.0313894 0.0300848
0 0.43177 0.035947 0.0750203 0.0481097
0 0.423263 0.54612 0.0782555 0.0584149
0 0.345061 0.481974 0.099972 0.09068
0 0.383715 0.398589 0.0289631 0.0315676
0 0.412551 0.542171 0.102001 0.0673679
0 0.810356 0.520049 0.0348561 0.035212
0 0.238883 0.773651 0.0400724 0.017719
0 0.436453 0.0977904 0.0566046 0.0422614
