0 0.527455 0.740492 0.0718913 0.0567563
0 0.313146 0.695114 0.0484034 0.0639591
0 0.927996 0.615167 0.0563945 0.0679121
0 0.744187 0.405806 0.0445343 0.071552
0 0.56679 0.203034 0.072772 0.0772494
0 0.38036 0.385963 0.0314996 0.0386473
0 0.345697 0.479558 0.104423 0.096608
0 0.813761 0.483716 0.048171 0.0493342
0 0.643286 0.531612 0.0223305 0.0439563
0 0.423275 0.533715 0.0815433 0.0624039
0 0.4708 0.913055 0.0287659 0.0612991
0 0.412726 0.529176 0.0975765 0.0731462
0 0.236723 0.757467 0.0397257 0.0180511
