0 0.524942 0.736776 0.0710149 0.0573708
0 0.478633 0.926567 0.0273781 0.0528566
0 0.314058 0.698162 0.048038 0.0630572
0 0.945275 0.560957 0.0686107 0.0536332
0 0.708499 0.337457 0.0591099 0.0740222
0 0.564054 0.188759 0.0654643 0.0503471
0 0.29008 0.319628 0.0886239 0.0386288
0 0.379928 0.389694 0.0317708 0.0323998
0 0.723114 0.407124 0.0658855 0.06423
0 0.359942 0.487513 0.132984 0.111008
0 0.347392 0.480056 0.109403 0.0917528
0 0.236786 0.758935 0.0358152 0.0156879
0 0.416702 0.530805 0.0951219 0.0706323
0 0.787203 0.454404 0.0232315 0.0473028
0 0.568618 0.66467 0.0223495 0.040029
0 0.393727 0.506377 0.1658 0.118262
0 0.405069 0.523112 0.116911 0.0867458
