0 0.488967 0.946164 0.0402824 0.0647478
0 0.401171 0.0777212 0.0677207 0.0483158
0 0.317752 0.710438 0.0406632 0.0584698
0 0.52712 0.747803 0.0678359 0.0579365
0 0.804119 0.448591 0.0773864 0.0805331
0 0.383574 0.399883 0.0311729 0.0333664
0 0.425194 0.548149 0.0788361 0.0589509
0 0.568866 0.201113 0.0758064 0.0599339
0 0.735563 0.454255 0.028766 0.0542166
0 0.345304 0.483412 0.101516 0.0889207
0 0.651054 0.320277 0.0867584 0.0826305
0 0.582759 0.25913 0.0572882 0.0645362
0 0.415816 0.545601 0.101918 0.0674391
0 0.596376 0.279306 0.0792727 0.0965661
0 0.651278 0.267332 0.0416485 0.0451801
0 0.638219 0.313756 0.113327 0.0976232
