0 0.318646 0.708387 0.044767 0.0585951
0 0.52992 0.748274 0.0683458 0.0562439
0 0.762063 0.383096 0.0610104 0.0941907
0 0.382719 0.398506 0.0316159 0.030911
0 0.849449 0.543486 0.052197 0.0143957
0 0.424386 0.546299 0.0792557 0.0570295
0 0.553198 0.200203 0.0949755 0.0767837
0 0.344275 0.484915 0.102507 0.087858
0 0.412819 0.540491 0.106523 0.0701975
0 0.554066 0.21905 0.100765 0.113125
0 0.56644 0.228327 0.088028 0.121959
0 0.340884 0.470833 0.0945012 0.0692507
0 0.764803 0.393223 0.0545652 0.0695159
0 0.579124 0.243814 0.0616968 0.0796438
0 0.571414 0.673265 0.0212754 0.0367584
