0 0.524018 0.736208 0.0739697 0.0564429
0 0.47937 0.929713 0.0325373 0.0635973
0 0.413221 0.102456 0.0430706 0.0286148
0 0.309709 0.69133 0.0427588 0.0613296
0 0.554057 0.179964 0.0574794 0.0621983
0 0.662304 0.317847 0.0816538 0.0731561
0 0.377403 0.380292 0.0304219 0.0396705
0 0.356549 0.48848 0.118338 0.100237
0 0.420875 0.532402 0.0840944 0.0621859
0 0.345746 0.478676 0.111716 0.0853019
0 0.337226 0.464042 0.0902752 0.0677248
0 0.399039 0.508387 0.138308 0.118235
0 0.550819 0.577978 0.0254011 0.0206137
0 0.410899 0.525234 0.106817 0.0862598
