0 0.523347 0.734679 0.0750997 0.0569315
0 0.480505 0.929403 0.0361951 0.0633727
0 0.309596 0.690654 0.0408031 0.0570513
0 0.684084 0.292183 0.03663 0.0406088
0 0.536114 0.191534 0.0510018 0.0442708
0 0.731399 0.422382 0.0389711 0.0438396
0 0.440414 0.0651722 0.0616834 0.034738
0 0.871372 0.581011 0.0379653 0.0194359
0 0.421381 0.53147 0.0833323 0.0573871
0 0.351814 0.483974 0.107563 0.0981147
0 0.389793 0.0844513 0.0362135 0.0275937
0 0.341986 0.472487 0.106452 0.0857885
0 0.333909 0.461649 0.0876251 0.0681967
0 0.376387 0.381798 0.030549 0.0321464
0 0.40191 0.511378 0.129039 0.111245
0 0.413749 0.530069 0.100859 0.0722516
