0 0.924463 0.606875 0.043263 0.0506446
0 0.490794 0.729948 0.0745721 0.061067
0 0.274803 0.683655 0.0445173 0.0613344
0 0.439279 0.93518 0.0426837 0.0430582
0 0.506196 0.167112 0.0661529 0.0710417
0 0.649918 0.325529 0.0255444 0.0425699
0 0.57227 0.236431 0.0799899 0.0554485
0 0.340895 0.376602 0.0343391 0.0333608
0 0.37934 0.521569 0.0924054 0.0655971
0 0.586232 0.239926 0.101845 0.0619152
0 0.306993 0.468059 0.107009 0.0864037
0 0.367815 0.512469 0.122976 0.0929655
0 0.322441 0.479272 0.112312 0.104489
0 0.443311 0.989885 0.0367572 0.0202293
0 0.592562 0.252131 0.122909 0.0828069
