0 0.504416 0.728997 0.0743828 0.0547348
0 0.290437 0.688763 0.0441645 0.0577412
0 0.749137 0.407696 0.0772953 0.0690701
0 0.854318 0.585605 0.0326235 0.0352116
0 0.357076 0.381923 0.0316498 0.0327268
0 0.400484 0.526439 0.0843428 0.0614914
0 0.465018 0.93305 0.0349285 0.0529244
0 0.326053 0.4677 0.108885 0.0878794
0 0.726865 0.405695 0.0718735 0.0554108
0 0.337592 0.479815 0.10676 0.102147
0 0.702862 0.31474 0.0215842 0.0349157
0 0.544455 0.660705 0.019021 0.0375181
0 0.392054 0.525363 0.105006 0.0712699
0 0.73245 0.404238 0.0906982 0.0676426
