0 0.526711 0.742507 0.0703335 0.058275
0 0.317697 0.703963 0.0437553 0.0557057
0 0.817587 0.511167 0.0832891 0.0677971
0 0.48545 0.937599 0.0387554 0.0540198
0 0.888298 0.598104 0.0346339 0.043895
0 0.980967 0.649772 0.0379853 0.0539985
0 0.667785 0.315091 0.0416701 0.0516977
0 0.383481 0.390943 0.0310033 0.0378901
0 0.239034 0.765798 0.0424797 0.0171528
0 0.346707 0.485675 0.105077 0.0941017
0 0.424985 0.538307 0.0811287 0.0671558
0 0.410914 0.529511 0.107178 0.0843666
0 0.341964 0.470195 0.0965121 0.0675503
