0 0.493199 0.726888 0.0728815 0.0589437
0 0.471223 0.126964 0.0821309 0.0894708
0 0.347744 0.0176796 0.0540435 0.032814
0 0.27766 0.684863 0.04737 0.0612899
0 0.787144 0.520116 0.0464816 0.0466141
0 0.704878 0.422874 0.0806384 0.0825536
0 0.962112 0.598408 0.0757754 0.10571
0 0.319694 0.47017 0.133028 0.0991836
0 0.345258 0.377607 0.0318661 0.0322607
0 0.388283 0.524495 0.0936362 0.0620513
0 0.311283 0.463043 0.108677 0.0831956
0 0.352757 0.4916 0.179266 0.122127
0 0.369666 0.502006 0.15398 0.11132
0 0.378237 0.516825 0.122162 0.0823151
