0 0.316917 0.707841 0.0413249 0.0547476
0 0.477148 0.151539 0.0463892 0.0534918
0 0.526416 0.745793 0.0720409 0.059042
0 0.384145 0.39842 0.0297539 0.0333129
0 0.861818 0.546727 0.0258 0.0427835
0 0.597113 0.230738 0.120658 0.0936384
0 0.348856 0.485999 0.108902 0.0985583
0 0.488745 0.948456 0.0286421 0.0385745
0 0.418497 0.542244 0.0946631 0.0616274
0 0.235949 0.771935 0.0362949 0.0150104
0 0.34355 0.472617 0.102106 0.0740855
0 0.361807 0.494144 0.134258 0.105006
0 0.404232 0.529712 0.125346 0.0880943
0 0.60791 0.236148 0.159845 0.0926541
