0 0.527358 0.740396 0.0712402 0.0572178
0 0.314054 0.700705 0.0449156 0.0591288
0 0.964556 0.569417 0.0388047 0.0287251
0 0.379712 0.390752 0.0348399 0.0329477
0 0.479992 0.936523 0.0354468 0.0528139
0 0.406175 0.0426225 0.0910491 0.0642425
0 0.694493 0.317684 0.02659 0.0612328
0 0.703925 0.390536 0.0633068 0.0297521
0 0.239634 0.761131 0.0367991 0.015269
0 0.349188 0.485266 0.108627 0.0989769
0 0.8174 0.450652 0.0912343 0.109707
0 0.338478 0.349593 0.0420328 0.0229144
0 0.820288 0.462958 0.0831276 0.0769145
0 0.42244 0.533527 0.0808712 0.0643034
0 0.864555 0.571588 0.0321528 0.0182438
0 0.341624 0.468623 0.096664 0.0694623
0 0.409417 0.526074 0.105557 0.0797408
0 0.783525 0.416967 0.109559 0.0834341
0 0.570408 0.666652 0.0202115 0.0381725
0 0.554342 0.581945 0.0231271 0.0188338
0 0.769048 0.414457 0.1581 0.0872853
0 0.366607 0.492569 0.120628 0.104293
0 0.800742 0.441813 0.0958252 0.118226
