0 0.683492 0.354604 0.0407991 0.0540295
0 0.50176 0.73101 0.0753936 0.0576458
0 0.50948 0.179102 0.0541269 0.0638155
0 0.797324 0.483281 0.0484097 0.0454994
0 0.285926 0.684355 0.0484448 0.0649056
0 0.350867 0.3799 0.030668 0.034487
0 0.339283 0.480198 0.136872 0.107992
0 0.317339 0.468002 0.103913 0.0858447
0 0.386394 0.523697 0.106218 0.0666546
0 0.356325 0.492091 0.152062 0.117998
0 0.374466 0.501362 0.152571 0.114442
0 0.379378 0.514107 0.12597 0.0898848
0 0.443696 0.898864 0.0232725 0.0467122
