0 0.510825 0.732587 0.0719898 0.0569522
0 0.299185 0.688121 0.0432714 0.0662401
0 0.707029 0.366392 0.0488062 0.0331727
0 0.736812 0.459978 0.0859225 0.0443659
0 0.471193 0.933547 0.0381818 0.0587847
0 0.946693 0.646194 0.0401225 0.0314749
0 0.724208 0.285549 0.0272087 0.0714321
0 0.404546 0.529346 0.091306 0.0615141
0 0.332745 0.471235 0.105332 0.0885031
0 0.364391 0.381456 0.0332762 0.0354946
0 0.524233 0.194094 0.0481025 0.0590007
0 0.389943 0.526024 0.120282 0.0752467
0 0.5537 0.662516 0.0200951 0.0340147
