0 0.502821 0.731849 0.0716881 0.0544753
0 0.642831 0.260994 0.0408518 0.0331559
0 0.641956 0.332229 0.0419499 0.0357111
0 0.354881 0.0459522 0.0734521 0.0368753
0 0.286192 0.686895 0.0445799 0.0592608
0 0.662577 0.394001 0.0426491 0.0280656
0 0.447426 0.902708 0.0274518 0.0602682
0 0.854994 0.518207 0.0378443 0.0859528
0 0.773101 0.42853 0.046751 0.0696836
0 0.453762 0.14319 0.0794315 0.0770597
0 0.351158 0.378518 0.0292027 0.0349108
0 0.714526 0.36323 0.0368497 0.0504504
0 0.317702 0.467739 0.102274 0.085954
0 0.3389 0.47957 0.125786 0.104515
0 0.387979 0.524144 0.107067 0.0693337
0 0.355011 0.490968 0.141073 0.115064
0 0.377498 0.500965 0.153841 0.115064
0 0.38047 0.513686 0.126369 0.0920864
0 0.543992 0.654197 0.018078 0.034826
