0 0.718015 0.413656 0.0575486 0.0336485
0 0.527953 0.74339 0.0713404 0.0586776
0 0.313598 0.700538 0.0437658 0.0592264
0 0.478854 0.931487 0.035924 0.0587056
0 0.443655 0.0678802 0.0639251 0.0334805
0 0.627898 0.242748 0.0680935 0.0712948
0 0.380751 0.389634 0.0333786 0.0321786
0 0.72207 0.333592 0.0599523 0.0793042
0 0.238964 0.762449 0.040404 0.0138507
0 0.346801 0.483227 0.100686 0.0934322
0 0.425519 0.537678 0.0732652 0.0604903
0 0.411963 0.530252 0.1007 0.0763278
0 0.336973 0.466677 0.0852557 0.0627789
0 0.554706 0.582365 0.0232322 0.0170995
