0 0.489702 0.7284 0.0730747 0.0584215
0 0.648152 0.325822 0.0684503 0.0695845
0 0.274738 0.682833 0.0450227 0.0605457
0 0.799714 0.550712 0.0369611 0.029424
0 0.507024 0.170102 0.06959 0.0803145
0 0.423379 0.116087 0.0500951 0.0519469
0 0.440067 0.931852 0.0436474 0.0641875
0 0.379233 0.520434 0.0946739 0.0681196
0 0.341221 0.376531 0.0332862 0.0335011
0 0.443489 0.990112 0.0385064 0.0197752
0 0.312052 0.469865 0.116863 0.096576
0 0.302969 0.461392 0.096512 0.0775411
0 0.32846 0.48064 0.133726 0.11271
0 0.366551 0.508377 0.130427 0.101616
0 0.348578 0.495241 0.160211 0.125723
