0 0.490751 0.730279 0.0750755 0.0602098
0 0.274718 0.683313 0.0441732 0.059833
0 0.744652 0.342806 0.0438513 0.0442394
0 0.633578 0.326707 0.0547867 0.053417
0 0.894678 0.605085 0.0368769 0.0441406
0 0.382978 0.521997 0.09118 0.0645831
0 0.447956 0.932093 0.0243486 0.0535462
0 0.441434 0.989762 0.0342609 0.0201592
0 0.30583 0.466345 0.104378 0.0861444
0 0.644764 0.313251 0.0333718 0.0606942
0 0.536975 0.18902 0.125954 0.115806
0 0.374978 0.518534 0.114659 0.0828652
0 0.806883 0.553947 0.0329838 0.0177019
0 0.531174 0.175059 0.103431 0.0929116
0 0.341143 0.377531 0.033378 0.0320985
