0 0.504269 0.730225 0.0715884 0.0510839
0 0.675858 0.414308 0.04422 0.0342934
0 0.462585 0.929947 0.0356135 0.050939
0 0.287731 0.68794 0.0426477 0.0575075
0 0.696575 0.3243 0.037899 0.0627348
0 0.892548 0.498226 0.0498682 0.0940129
0 0.35293 0.379641 0.0294597 0.0364084
0 0.317464 0.467967 0.0976661 0.085179
0 0.394153 0.52465 0.0933793 0.0649988
0 0.334871 0.475216 0.116812 0.10201
0 0.628397 0.282433 0.0307707 0.0605662
0 0.902294 0.498009 0.0691307 0.101372
0 0.352505 0.488714 0.135289 0.116347
0 0.701034 0.313378 0.0341263 0.0840975
0 0.384673 0.520402 0.116848 0.080285
0 0.376698 0.501399 0.152206 0.112906
