0 0.49184 0.7312 0.0735921 0.0585039
0 0.275319 0.684385 0.0434531 0.0603213
0 0.884876 0.613636 0.0438738 0.0337269
0 0.747393 0.343191 0.049203 0.0477753
0 0.512931 0.167079 0.077581 0.0745112
0 0.795766 0.552876 0.0375504 0.0191567
0 0.63369 0.350775 0.056673 0.072921
0 0.379666 0.520982 0.0913163 0.0649884
0 0.574261 0.246992 0.0445448 0.072373
0 0.449139 0.94015 0.0210782 0.0351202
0 0.635809 0.280573 0.0520167 0.0767562
0 0.313061 0.468106 0.116979 0.0919293
0 0.341181 0.377196 0.0332289 0.0327321
0 0.367175 0.514931 0.123391 0.0861292
0 0.441103 0.990703 0.0367757 0.0185943
0 0.342674 0.496683 0.156965 0.124233
