0 0.682504 0.396637 0.048946 0.0383862
0 0.275742 0.683761 0.0429286 0.0601319
0 0.490284 0.726216 0.0741541 0.0587549
0 0.50841 0.181606 0.0743674 0.080043
0 0.762798 0.487036 0.0997665 0.054337
0 0.44756 0.929373 0.0265265 0.0581782
0 0.749441 0.345054 0.0668529 0.0630116
0 0.869603 0.609477 0.031158 0.0527097
0 0.383006 0.521299 0.0947248 0.0681243
0 0.34114 0.376524 0.0341579 0.0336893
0 0.308743 0.466964 0.106533 0.0875816
0 0.373195 0.512302 0.12626 0.097584
0 0.26482 0.0132535 0.0352855 0.026507
0 0.321276 0.477005 0.106251 0.102234
0 0.442878 0.990333 0.0354915 0.0193343
