0 0.527312 0.742059 0.0707499 0.0579448
0 0.316879 0.70305 0.0406271 0.0565883
0 0.486876 0.935443 0.0399998 0.059485
0 0.871738 0.577555 0.0498427 0.069829
0 0.752784 0.342423 0.0679365 0.0477935
0 0.382728 0.391329 0.0305393 0.0348718
0 0.238677 0.764792 0.0406599 0.0164268
0 0.348414 0.48496 0.106923 0.0982926
0 0.421146 0.535332 0.089851 0.0696864
0 0.702043 0.413288 0.060757 0.0214415
0 0.406956 0.526325 0.118414 0.0885503
0 0.343621 0.470687 0.0993496 0.0708319
0 0.362785 0.493135 0.125192 0.106268
