0 0.52584 0.738866 0.0740714 0.0565214
0 0.933036 0.626175 0.0406789 0.0523779
0 0.313904 0.696385 0.0436242 0.0600762
0 0.571995 0.201282 0.0822797 0.0721194
0 0.379019 0.386801 0.0358037 0.0378859
0 0.758641 0.419193 0.0586884 0.115443
0 0.353294 0.484797 0.119838 0.107258
0 0.759311 0.430347 0.0540442 0.0840505
0 0.753377 0.408918 0.045598 0.104746
0 0.419169 0.532593 0.0933776 0.0653732
0 0.343728 0.475532 0.105137 0.0852357
0 0.407988 0.526038 0.111957 0.0805911
0 0.554161 0.579529 0.0235287 0.0201092
0 0.470244 0.91428 0.0299716 0.0649977
0 0.235428 0.758175 0.0346717 0.0169982
0 0.397098 0.506943 0.15866 0.119033
