0 0.519555 0.73485 0.0744624 0.0582834
0 0.307014 0.690812 0.0411 0.0595998
0 0.476854 0.934757 0.0381563 0.0602062
0 0.867962 0.570073 0.0495087 0.0237463
0 0.492312 0.094125 0.0483668 0.0920043
0 0.37208 0.381896 0.0323619 0.0338418
0 0.697121 0.334789 0.0627277 0.0915293
0 0.691217 0.33702 0.0501462 0.075343
0 0.730796 0.32745 0.0409493 0.0920044
0 0.332623 0.463913 0.0904226 0.0726678
0 0.402473 0.525541 0.104942 0.0713168
0 0.368508 0.487589 0.149649 0.119201
0 0.546921 0.576122 0.0258222 0.0199374
0 0.730186 0.320343 0.0305724 0.0897259
0 0.346736 0.478051 0.123267 0.102988
0 0.394139 0.508966 0.128889 0.109146
0 0.666959 0.269739 0.0214005 0.0179427
