0 0.527873 0.742637 0.0675392 0.0578728
0 0.315226 0.7013 0.0439905 0.059925
0 0.483635 0.935589 0.0417216 0.054842
0 0.733687 0.422548 0.0716745 0.0520085
0 0.381784 0.389385 0.0308498 0.0343637
0 0.458032 0.0380339 0.0396127 0.0418386
0 0.683824 0.319993 0.0299394 0.0490972
0 0.958263 0.620714 0.0600917 0.0566601
0 0.345921 0.482977 0.103942 0.0935186
0 0.425745 0.537813 0.0777296 0.0657301
0 0.96449 0.614556 0.0632808 0.0617344
0 0.754302 0.360969 0.0278161 0.0518237
0 0.235001 0.763878 0.0300269 0.0124035
0 0.554201 0.584158 0.0247627 0.0197705
0 0.341416 0.468283 0.0952116 0.0684669
0 0.412377 0.531303 0.100916 0.0788865
