0 0.519954 0.734909 0.0749528 0.0569706
0 0.306814 0.690851 0.042142 0.0604241
0 0.478673 0.934005 0.0400977 0.0555327
0 0.886743 0.573264 0.0364953 0.047267
0 0.609329 0.20382 0.0741909 0.0228039
0 0.372334 0.383709 0.0324261 0.0339748
0 0.725547 0.324164 0.050175 0.0901716
0 0.407785 0.528024 0.0935562 0.0641099
0 0.334998 0.469045 0.0968143 0.0823398
0 0.726363 0.333016 0.0439148 0.0642778
0 0.352302 0.482177 0.134537 0.109866
0 0.546416 0.575802 0.027709 0.0191882
0 0.392041 0.518302 0.131038 0.0935864
0 0.361585 0.495786 0.156378 0.120825
0 0.389034 0.00827084 0.0553573 0.0165417
