0 0.52409 0.735657 0.0729643 0.0558889
0 0.411992 0.083845 0.045866 0.0289691
0 0.309288 0.691355 0.0428177 0.0603263
0 0.161687 0.717181 0.0576568 0.072696
0 0.570733 0.178101 0.0951781 0.0438614
0 0.570954 0.185693 0.103062 0.062376
0 0.360639 0.487096 0.135016 0.108826
0 0.612052 0.229014 0.0394573 0.0254753
0 0.409088 0.527431 0.10319 0.0726755
0 0.547115 0.19468 0.0697025 0.055838
0 0.346286 0.476812 0.117872 0.0909358
0 0.338665 0.465061 0.0970539 0.0744044
0 0.398079 0.508782 0.138726 0.117062
0 0.376837 0.3823 0.0296793 0.0344642
0 0.557528 0.189185 0.0943134 0.0690804
0 0.550773 0.576941 0.0245441 0.0200961
0 0.66293 0.250403 0.0399799 0.0345225
