0 0.50164 0.731239 0.0746443 0.0576334
0 0.697724 0.390585 0.0433855 0.0486377
0 0.284689 0.685985 0.0435183 0.0609239
0 0.445946 0.914323 0.0303137 0.0681584
0 0.883625 0.4532 0.0366051 0.0396096
0 0.350207 0.379184 0.0298177 0.037467
0 0.666803 0.287969 0.0404592 0.0591829
0 0.884418 0.52149 0.0659797 0.0773473
0 0.349922 0.484053 0.156468 0.117319
0 0.318726 0.467824 0.105847 0.0875474
0 0.33078 0.47425 0.132582 0.104921
0 0.387159 0.523441 0.106657 0.0700802
0 0.647315 0.320258 0.0222874 0.0451628
0 0.368034 0.494332 0.164991 0.121313
0 0.38034 0.511577 0.125654 0.0978397
0 0.823954 0.416623 0.0381498 0.0297577
