0 0.317228 0.707951 0.0441149 0.0560027
0 0.529405 0.7489 0.066726 0.0553861
0 0.833566 0.465283 0.0720581 0.0657542
0 0.689822 0.28277 0.0718195 0.0525859
0 0.772007 0.393671 0.0336152 0.0181735
0 0.383168 0.399434 0.0294501 0.0337212
0 0.537399 0.179918 0.129062 0.0996691
0 0.421342 0.546156 0.0834789 0.0567696
0 0.346857 0.485312 0.104025 0.0949545
0 0.409607 0.537156 0.111772 0.0761175
0 0.88752 0.548064 0.0196643 0.0408678
0 0.341743 0.471061 0.0958227 0.0689873
0 0.528282 0.170703 0.113468 0.0794395
0 0.241146 0.774363 0.0380666 0.0195749
