0 0.490305 0.726769 0.0743043 0.059927
0 0.829069 0.575851 0.0241697 0.0413094
0 0.27495 0.683482 0.0444748 0.0625579
0 0.50852 0.179712 0.0750435 0.0897279
0 0.746413 0.344439 0.0635643 0.0639654
0 0.448397 0.928814 0.0270786 0.0593832
0 0.742947 0.474363 0.104508 0.0711635
0 0.317836 0.014702 0.0382733 0.0294039
0 0.67249 0.412163 0.0367305 0.0532953
0 0.379518 0.520597 0.0980668 0.0694203
0 0.865642 0.615736 0.0250915 0.0323174
0 0.442716 0.990498 0.0362037 0.0190045
0 0.309112 0.467462 0.108859 0.0890619
0 0.334017 0.482584 0.136922 0.117008
0 0.368583 0.50842 0.133189 0.104625
0 0.33989 0.376331 0.0352731 0.0330715
0 0.352702 0.494943 0.159911 0.126668
