0 0.388524 0.0494354 0.0539204 0.0205097
0 0.269588 0.682638 0.0450091 0.0620084
0 0.770952 0.387975 0.128054 0.0872568
0 0.89871 0.595162 0.0706313 0.0740058
0 0.484268 0.726247 0.072894 0.0569761
0 0.670791 0.452496 0.0337169 0.0191039
0 0.3821 0.52571 0.0871992 0.0583611
0 0.339457 0.37928 0.0306532 0.0325704
0 0.302674 0.466397 0.104957 0.0810102
0 0.56604 0.245924 0.0522084 0.0316447
0 0.606217 0.293481 0.0313183 0.026476
0 0.635854 0.260867 0.0226018 0.0449983
0 0.568742 0.253598 0.0585901 0.0451306
0 0.57779 0.259878 0.0490863 0.0493035
0 0.441215 0.924285 0.0260547 0.0447183
0 0.434283 0.989594 0.038447 0.0208125
