0 0.525884 0.738311 0.0711137 0.057312
0 0.477449 0.926991 0.0281284 0.0555838
0 0.314696 0.700132 0.0444983 0.0599637
0 0.148531 0.335084 0.0518967 0.0200069
0 0.382007 0.390621 0.0311477 0.0353656
0 0.767296 0.362267 0.0429595 0.0976838
0 0.819763 0.455859 0.068441 0.0426173
0 0.669672 0.314755 0.0242085 0.0359343
0 0.978682 0.586844 0.0408347 0.0276465
0 0.239117 0.760646 0.0402393 0.0157611
0 0.3482 0.484785 0.10949 0.102742
0 0.773247 0.373402 0.0343666 0.0753304
0 0.763323 0.354075 0.0398018 0.0795615
0 0.42304 0.533726 0.0820049 0.0668552
0 0.341962 0.468871 0.0971088 0.0716357
0 0.678509 0.303912 0.0351571 0.057227
0 0.40865 0.525918 0.109606 0.0826107
0 0.364771 0.493201 0.12596 0.106491
