0 0.527108 0.741651 0.0711721 0.0586481
0 0.563009 0.204571 0.075582 0.0641112
0 0.921277 0.523296 0.0610845 0.0702875
0 0.314248 0.699363 0.047304 0.0627574
0 0.479294 0.932872 0.0361856 0.0521802
0 0.149386 0.334068 0.0491275 0.0206831
0 0.380009 0.390048 0.0332944 0.0325095
0 0.238242 0.761504 0.0423117 0.0150685
0 0.698078 0.347937 0.0740368 0.100357
0 0.348069 0.482935 0.110544 0.0995069
0 0.421439 0.534534 0.088039 0.0693717
0 0.554303 0.581971 0.0248808 0.0194085
0 0.343033 0.469312 0.100372 0.0741674
0 0.569818 0.665613 0.0203589 0.038343
0 0.409118 0.527491 0.109737 0.0832075
0 0.703363 0.362219 0.0622195 0.0658629
0 0.689996 0.328947 0.0587819 0.078441
