0 0.34616 0.0230809 0.0803894 0.0461617
0 0.488963 0.728513 0.0738501 0.0596192
0 0.273384 0.683361 0.0469919 0.0611989
0 0.637688 0.333841 0.070518 0.0532112
0 0.949877 0.618748 0.0238168 0.0729251
0 0.340129 0.377589 0.0346695 0.0349515
0 0.538784 0.201732 0.0957488 0.125666
0 0.380632 0.521253 0.089906 0.064544
0 0.439251 0.990965 0.0356619 0.0180693
0 0.72661 0.431759 0.0516721 0.0408636
0 0.306367 0.469026 0.108585 0.0862804
0 0.367797 0.511029 0.12247 0.0936003
0 0.323586 0.478546 0.121668 0.103142
0 0.54074 0.219145 0.090794 0.101836
0 0.343806 0.49629 0.151487 0.120982
0 0.548374 0.236784 0.0710862 0.0746902
