0 0.49228 0.724869 0.07369 0.0612268
0 0.276913 0.684041 0.0427326 0.0611155
0 0.795048 0.509088 0.042617 0.0250422
0 0.711898 0.473665 0.0557718 0.0367681
0 0.68433 0.377966 0.0530975 0.0701201
0 0.507124 0.165267 0.0769397 0.0862289
0 0.60372 0.236757 0.102275 0.082693
0 0.310139 0.465782 0.106321 0.0866022
0 0.379363 0.518646 0.101294 0.0718865
0 0.321642 0.480564 0.123616 0.112943
0 0.473595 0.0876599 0.042092 0.0316503
0 0.369824 0.505893 0.138276 0.104995
0 0.344543 0.376737 0.0322919 0.0327693
