0 0.316077 0.705317 0.0445172 0.0558541
0 0.554476 0.177581 0.0856599 0.0566688
0 0.528025 0.745601 0.0697988 0.0574143
0 0.484563 0.938443 0.0425669 0.0594058
0 0.839955 0.560674 0.0635254 0.0380698
0 0.661058 0.302446 0.0532718 0.0681394
0 0.383737 0.397843 0.0293092 0.0328941
0 0.647618 0.546549 0.0282171 0.0294919
0 0.23787 0.767637 0.0346527 0.0145447
0 0.424379 0.541736 0.0802696 0.0582622
0 0.344446 0.48007 0.100039 0.0890337
0 0.783817 0.444999 0.0489333 0.0381737
0 0.613166 0.255332 0.0313754 0.0379024
0 0.777838 0.423276 0.0423651 0.0836182
0 0.770081 0.412673 0.021827 0.062847
0 0.414467 0.536135 0.0993375 0.0713477
0 0.721329 0.464094 0.0311108 0.0504922
0 0.556011 0.585035 0.023845 0.0187755
0 0.78492 0.426414 0.0539238 0.0844563
0 0.571047 0.669672 0.0197682 0.0337352
