0 0.709603 0.329649 0.0457017 0.047558
0 0.526187 0.739165 0.0706951 0.0556656
0 0.718695 0.396842 0.0577183 0.037268
0 0.478292 0.925908 0.0280819 0.0586431
0 0.248076 0.284524 0.052956 0.0350987
0 0.31412 0.698918 0.0450929 0.0602293
0 0.913812 0.555156 0.0828485 0.0657666
0 0.380197 0.389551 0.0321846 0.0355833
0 0.351884 0.487036 0.114211 0.107421
0 0.237438 0.76003 0.0344882 0.0144689
0 0.342344 0.476095 0.100976 0.0820875
0 0.416344 0.531281 0.0946943 0.067296
0 0.406573 0.523786 0.112722 0.0829825
0 0.580049 0.201365 0.0633845 0.0552397
0 0.588708 0.205034 0.0477821 0.046439
0 0.39819 0.505608 0.152449 0.115221
0 0.569604 0.664718 0.0207932 0.0399027
0 0.570192 0.195878 0.0719597 0.0564294
0 0.378051 0.497272 0.143367 0.114405
