0 0.51954 0.733735 0.0724463 0.0571172
0 0.306986 0.690537 0.0431108 0.0640588
0 0.474195 0.934217 0.0356927 0.0589926
0 0.469705 0.0542283 0.0640805 0.0736665
0 0.844464 0.53704 0.0763693 0.0660155
0 0.413548 0.533837 0.0899576 0.0576038
0 0.334454 0.46884 0.0964587 0.0834448
0 0.372675 0.381329 0.0320506 0.0342405
0 0.698364 0.34184 0.0585511 0.0935832
0 0.722818 0.337119 0.0914633 0.114921
0 0.729736 0.327498 0.0693917 0.0984216
0 0.710882 0.336991 0.0877612 0.0989604
0 0.403773 0.529443 0.111184 0.0751359
0 0.739136 0.33622 0.055079 0.0978333
0 0.547689 0.575738 0.0256509 0.0187163
