0 0.316956 0.704968 0.04352 0.0567882
0 0.528084 0.745474 0.0677101 0.0580602
0 0.484262 0.936519 0.0476452 0.0604997
0 0.428167 0.11952 0.0300157 0.0477946
0 0.523995 0.184348 0.0762357 0.0581312
0 0.342427 0.0158478 0.0429813 0.0272586
0 0.240873 0.766582 0.0421646 0.0170743
0 0.384363 0.396619 0.0290291 0.0303866
0 0.345523 0.482976 0.103796 0.0922157
0 0.75268 0.429435 0.100635 0.115432
0 0.424941 0.540304 0.0837392 0.0640855
0 0.759631 0.436885 0.0801775 0.0907049
0 0.738829 0.341318 0.0230072 0.0605575
0 0.412395 0.533062 0.107768 0.0799209
0 0.570197 0.670221 0.0209312 0.0359855
0 0.555398 0.585229 0.023237 0.0180943
