0 0.317107 0.714751 0.0435936 0.05528
0 0.477762 0.945587 0.022427 0.0450189
0 0.528318 0.751347 0.0605784 0.0536214
0 0.55746 0.200004 0.0737604 0.067468
0 0.423864 0.550431 0.0831773 0.0552392
0 0.674344 0.27247 0.0772574 0.0793996
0 0.499051 0.119172 0.0501066 0.0606428
0 0.608708 0.278812 0.0643125 0.0636905
0 0.382292 0.4035 0.0294094 0.0336407
0 0.342781 0.487605 0.101711 0.0892018
0 0.338562 0.474354 0.0910542 0.067936
0 0.682111 0.272813 0.0590925 0.0717932
0 0.644155 0.276981 0.132288 0.0837256
