0 0.50483 0.730184 0.0731032 0.0523875
0 0.288097 0.686706 0.0476592 0.0627993
0 0.344756 0.0226973 0.0386941 0.0453947
0 0.444531 0.908677 0.023212 0.0412176
0 0.354918 0.380527 0.0298239 0.0349998
0 0.614704 0.254034 0.0546019 0.116642
0 0.608437 0.247437 0.0689741 0.0931475
0 0.319146 0.467911 0.102538 0.0863283
0 0.335678 0.476065 0.13039 0.10774
0 0.608006 0.233633 0.0686278 0.0656242
0 0.389571 0.524009 0.102584 0.0668018
0 0.716755 0.374985 0.0352886 0.0848004
0 0.355995 0.488516 0.154476 0.120566
0 0.381406 0.517445 0.123054 0.0861613
