0 0.889827 0.479473 0.0468137 0.0366949
0 0.315349 0.701418 0.0422613 0.0571902
0 0.527738 0.742136 0.072493 0.0582523
0 0.480298 0.93477 0.0387489 0.0557855
0 0.382169 0.388707 0.0310718 0.0327653
0 0.601503 0.19593 0.088724 0.057237
0 0.717623 0.414717 0.057189 0.0318564
0 0.764417 0.36374 0.0787086 0.0845442
0 0.243239 0.762416 0.0439028 0.0145204
0 0.346612 0.481614 0.106073 0.0908081
0 0.427856 0.537087 0.0728576 0.0637977
0 0.554435 0.583174 0.0252711 0.017964
0 0.341898 0.469525 0.097384 0.0705302
0 0.415119 0.530491 0.0979054 0.0779849
