0 0.494582 0.727447 0.0731574 0.0599864
0 0.372439 0.0214736 0.0741934 0.030561
0 0.277176 0.683205 0.049536 0.0647542
0 0.51629 0.138406 0.0418739 0.024902
0 0.736295 0.433962 0.0318037 0.0698484
0 0.43436 0.105872 0.0579615 0.0716572
0 0.589149 0.221893 0.0879759 0.0674943
0 0.319742 0.468812 0.124191 0.0954116
0 0.388334 0.524233 0.0953151 0.0602953
0 0.34637 0.376702 0.0298212 0.0330874
0 0.372095 0.501929 0.151092 0.110822
0 0.349055 0.490276 0.161913 0.117362
0 0.379275 0.517168 0.122318 0.0803055
