0 0.270072 0.6832 0.0457743 0.0608351
0 0.483388 0.724444 0.073024 0.0562575
0 0.74931 0.380251 0.0879922 0.0432952
0 0.605803 0.295649 0.0348438 0.0250206
0 0.338836 0.378555 0.0318065 0.0326256
0 0.377801 0.523612 0.0913598 0.061081
0 0.837191 0.581533 0.024106 0.0516118
0 0.303668 0.467397 0.107522 0.0832815
0 0.580053 0.262459 0.021966 0.0276051
0 0.510828 0.188528 0.0335536 0.0442539
0 0.365662 0.522435 0.118972 0.0714167
0 0.791092 0.410401 0.0252099 0.0348636
0 0.441492 0.923132 0.0255501 0.0439601
0 0.433794 0.990186 0.0388327 0.0196278
0 0.933899 0.639755 0.02881 0.0344625
0 0.602436 0.227059 0.0216963 0.0410087
