0 0.490332 0.948438 0.0372477 0.0500596
0 0.869997 0.513074 0.044952 0.0838883
0 0.317345 0.708952 0.0413729 0.0564401
0 0.529967 0.750126 0.0610466 0.054359
0 0.787186 0.404816 0.0872283 0.0729495
0 0.383528 0.399864 0.0294836 0.0335129
0 0.961697 0.629388 0.0730729 0.031951
0 0.422615 0.547002 0.0848157 0.0593758
0 0.346184 0.485514 0.104521 0.0952994
0 0.410148 0.539246 0.113714 0.0768967
0 0.33999 0.470506 0.0958922 0.0662389
0 0.562568 0.217475 0.108025 0.0992904
0 0.572717 0.234643 0.134165 0.124945
0 0.592973 0.266912 0.103845 0.0809653
0 0.663536 0.273779 0.0477109 0.0560938
0 0.654301 0.273925 0.065716 0.069517
0 0.579302 0.255033 0.122086 0.109929
