0 0.318042 0.708578 0.0435179 0.0566046
0 0.490927 0.948795 0.034987 0.0497324
0 0.529643 0.750109 0.063141 0.05545
0 0.782772 0.417686 0.0968156 0.0969044
0 0.569711 0.217839 0.121909 0.100092
0 0.424454 0.547816 0.0805099 0.0580866
0 0.383703 0.400839 0.0286682 0.0339224
0 0.343281 0.486389 0.103242 0.0900065
0 0.413195 0.541889 0.109653 0.0722144
0 0.477868 0.0416933 0.0468788 0.0287416
0 0.340539 0.473318 0.0979238 0.0717032
0 0.830879 0.477597 0.0360141 0.0436484
0 0.560872 0.205883 0.103513 0.0768736
