0 0.269064 0.682667 0.0426007 0.0589714
0 0.599553 0.258631 0.0951228 0.069012
0 0.400694 0.0472982 0.0560195 0.0238732
0 0.483646 0.725681 0.0745765 0.0572045
0 0.819627 0.422054 0.0529195 0.0524992
0 0.378972 0.52406 0.0880937 0.0593394
0 0.337804 0.379486 0.0304604 0.0317922
0 0.718039 0.343925 0.0686383 0.0685566
0 0.884299 0.635688 0.0214527 0.0361903
0 0.302013 0.466522 0.106306 0.0798726
0 0.661011 0.347685 0.056462 0.0826614
0 0.439922 0.99027 0.0366374 0.0194592
0 0.442847 0.926614 0.023997 0.0404487
