0 0.52093 0.733757 0.07207 0.0570508
0 0.823078 0.540514 0.0744789 0.0337086
0 0.307944 0.688947 0.0441884 0.0625334
0 0.833197 0.40938 0.0628841 0.0428298
0 0.696198 0.268952 0.0408188 0.0560994
0 0.455683 0.0868022 0.0646627 0.069081
0 0.704668 0.340997 0.0597003 0.0689874
0 0.356389 0.485557 0.131402 0.110493
0 0.40799 0.52836 0.101529 0.0694616
0 0.342939 0.476867 0.11382 0.0971695
0 0.335725 0.465887 0.0936183 0.0764253
0 0.373261 0.384484 0.0329502 0.0329394
0 0.699947 0.288075 0.0525265 0.0849432
0 0.396727 0.511014 0.134715 0.11167
