0 0.520432 0.735951 0.0729107 0.0571607
0 0.304967 0.68827 0.0448495 0.0637848
0 0.477152 0.936755 0.0348042 0.0590447
0 0.452364 0.0388628 0.0406785 0.0592501
0 0.370786 0.382006 0.0300182 0.0301381
0 0.669726 0.302714 0.0424576 0.100023
0 0.748924 0.384133 0.0426223 0.0554754
0 0.405317 0.528532 0.100059 0.0653155
0 0.675096 0.321833 0.0487456 0.116626
0 0.333482 0.46853 0.095494 0.0815634
0 0.353456 0.482999 0.134266 0.108491
0 0.734373 0.319168 0.0312204 0.0817603
0 0.733747 0.33376 0.0369656 0.114489
0 0.66942 0.2915 0.0346005 0.0854762
0 0.740752 0.353062 0.0457964 0.12109
0 0.681724 0.339136 0.0352187 0.0835279
0 0.393253 0.517088 0.131749 0.0972519
