0 0.524785 0.737077 0.0724499 0.056621
0 0.479193 0.927958 0.0316486 0.0594642
0 0.315044 0.697957 0.0502362 0.0640018
0 0.378633 0.390454 0.034355 0.0349706
0 0.565684 0.186365 0.0632644 0.048885
0 0.639284 0.224169 0.037997 0.0487918
0 0.639822 0.287231 0.0565903 0.0470779
0 0.707247 0.327247 0.0579391 0.0879284
0 0.76753 0.459533 0.0749639 0.0905077
0 0.720882 0.400819 0.0521441 0.0342509
0 0.711415 0.397207 0.0485452 0.0268848
0 0.239543 0.75966 0.0372826 0.0151579
0 0.352779 0.486687 0.11888 0.106197
0 0.344274 0.477031 0.104345 0.0822138
0 0.416966 0.533932 0.0979146 0.0691658
0 0.405583 0.527108 0.11642 0.0833182
0 0.396799 0.508086 0.163863 0.119908
0 0.376476 0.498328 0.155343 0.116164
0 0.554914 0.580127 0.0234854 0.0215361
0 0.568247 0.665157 0.0233727 0.0389855
