0 0.743877 0.352372 0.0671289 0.0486202
0 0.771266 0.485441 0.0500793 0.0697337
0 0.267936 0.684226 0.0429357 0.0566005
0 0.613487 0.292956 0.0359349 0.0223873
0 0.519988 0.160449 0.0661314 0.0579337
0 0.482403 0.724775 0.0744419 0.0576354
0 0.851829 0.561886 0.0715189 0.0797317
0 0.335581 0.378217 0.0282574 0.0353606
0 0.373877 0.523195 0.0957969 0.0622968
0 0.615644 0.230929 0.0245152 0.0331603
0 0.433869 0.988725 0.0362295 0.021083
0 0.301286 0.46634 0.110771 0.0840909
0 0.443045 0.925814 0.0234432 0.0433208
0 0.361546 0.520586 0.122095 0.0733147
0 0.675077 0.377258 0.0382707 0.0324579
0 0.314483 0.475001 0.122715 0.0962476
