0 0.317745 0.713695 0.0430625 0.0600866
0 0.530002 0.752218 0.0584259 0.0516504
0 0.487123 0.951066 0.0228035 0.0419762
0 0.382017 0.0384496 0.0415926 0.0239077
0 0.76138 0.51168 0.025219 0.0325505
0 0.416403 0.548993 0.0974861 0.0577801
0 0.847675 0.556299 0.0329418 0.0232681
0 0.506238 0.130325 0.0893744 0.0991574
0 0.556873 0.193384 0.0766188 0.0887514
0 0.406634 0.5387 0.124102 0.0802268
0 0.343537 0.488316 0.103367 0.0915397
0 0.340771 0.474756 0.0959369 0.0709413
0 0.505285 0.140239 0.106334 0.12422
0 0.56278 0.204005 0.0643866 0.0692034
0 0.383475 0.404706 0.0290773 0.0310396
0 0.553704 0.183372 0.0888577 0.124684
0 0.357254 0.496649 0.11224 0.0982428
0 0.524138 0.148647 0.124412 0.141804
0 0.475792 0.153441 0.0427566 0.0825015
