0 0.376929 0.0403087 0.0649222 0.0292843
0 0.315742 0.71346 0.0451667 0.0599385
0 0.549847 0.217572 0.0808539 0.0684573
0 0.528977 0.751991 0.0572443 0.0515847
0 0.480469 0.947731 0.0233485 0.0498297
0 0.415619 0.548573 0.0966704 0.0573564
0 0.382868 0.402825 0.0280613 0.0288709
0 0.633937 0.306609 0.13181 0.055149
0 0.404822 0.539064 0.124171 0.0776665
0 0.33877 0.474743 0.0918403 0.0653024
0 0.342911 0.489476 0.101601 0.0898511
0 0.637945 0.317091 0.14805 0.0809444
0 0.72156 0.398204 0.108946 0.130763
0 0.75134 0.455842 0.0771701 0.0765624
0 0.361065 0.498396 0.112067 0.0979343
0 0.733108 0.441871 0.118467 0.113209
0 0.716257 0.377158 0.104687 0.123837
