0 0.527093 0.741665 0.0682038 0.0541599
0 0.317144 0.70345 0.0415605 0.0552443
0 0.48691 0.938166 0.0370613 0.0545752
0 0.238501 0.76606 0.0391512 0.0168045
0 0.347845 0.485516 0.103859 0.095649
0 0.382119 0.391967 0.030468 0.0343409
0 0.748909 0.433455 0.130248 0.127666
0 0.419679 0.536714 0.0901352 0.0675999
0 0.732525 0.42147 0.106137 0.100854
0 0.406886 0.528018 0.115175 0.0852327
0 0.361668 0.493103 0.122823 0.10635
0 0.789224 0.493605 0.0984558 0.0812962
0 0.762061 0.449383 0.139249 0.137583
0 0.782141 0.472993 0.110898 0.113807
