0 0.49593 0.727563 0.0756691 0.0594175
0 0.659617 0.332226 0.0369608 0.0762054
0 0.281615 0.687215 0.0440869 0.0628443
0 0.41633 0.0660014 0.0692911 0.0676028
0 0.457332 0.931502 0.0313246 0.0486429
0 0.84645 0.447897 0.0604595 0.0777252
0 0.5634 0.179486 0.0469035 0.0183254
0 0.315359 0.465744 0.106822 0.0864949
0 0.323916 0.470823 0.131683 0.102353
0 0.346696 0.377516 0.0315458 0.035065
0 0.38158 0.517777 0.107036 0.0748422
0 0.346291 0.490326 0.160726 0.120381
0 0.368991 0.501575 0.153632 0.109841
0 0.960498 0.608208 0.0228204 0.0416906
