0 0.280106 0.68598 0.0479391 0.0611191
0 0.495092 0.726964 0.0755527 0.0611408
0 0.405653 0.0844825 0.0706503 0.10041
0 0.67073 0.335746 0.0478501 0.0611222
0 0.547459 0.177139 0.0649697 0.0192417
0 0.751921 0.361288 0.0598258 0.0789069
0 0.852871 0.613904 0.0282414 0.0351501
0 0.314991 0.466532 0.109047 0.0890231
0 0.324416 0.472777 0.135323 0.106383
0 0.37893 0.516863 0.113118 0.0789434
0 0.354089 0.491976 0.165153 0.121386
0 0.396871 0.0793794 0.0482656 0.0879209
0 0.371606 0.501909 0.153549 0.112993
