0 0.527226 0.739831 0.069514 0.0545949
0 0.31379 0.696487 0.0442188 0.0619349
0 0.380986 0.389453 0.0308164 0.031787
0 0.571998 0.230397 0.0798275 0.0643147
0 0.41494 0.0969276 0.03708 0.0427881
0 0.552106 0.18822 0.0442443 0.0488823
0 0.67432 0.279001 0.0322678 0.0550903
0 0.354165 0.485778 0.12228 0.107041
0 0.733321 0.390688 0.0673337 0.108845
0 0.718297 0.283342 0.0400231 0.0775102
0 0.737998 0.404966 0.065434 0.077531
0 0.554566 0.580188 0.024827 0.0209935
0 0.717404 0.293763 0.0450501 0.110707
0 0.235217 0.758194 0.0361826 0.0168425
0 0.344943 0.476693 0.106212 0.0864191
0 0.556554 0.202831 0.0594351 0.0836715
0 0.419378 0.531697 0.0928363 0.0692814
0 0.407749 0.524235 0.111778 0.0842855
0 0.471254 0.910096 0.0278283 0.0569717
0 0.395842 0.505674 0.162073 0.118249
