0 0.509193 0.732198 0.0724365 0.0584981
0 0.293753 0.685949 0.0494519 0.0611892
0 0.871789 0.610258 0.0422647 0.0381956
0 0.472503 0.984654 0.0415803 0.0304422
0 0.48913 0.119564 0.0851154 0.0802852
0 0.401531 0.528483 0.0947114 0.06332
0 0.36015 0.381059 0.0322837 0.0335618
0 0.620971 0.266628 0.0272217 0.0625376
0 0.328715 0.469542 0.109445 0.0862999
0 0.345954 0.479867 0.117079 0.0997159
0 0.387994 0.523777 0.122598 0.0792339
0 0.5431 0.162671 0.045377 0.0400435
0 0.498552 0.121797 0.111161 0.0914881
