0 0.528582 0.743006 0.0694276 0.0579326
0 0.315206 0.700226 0.0438038 0.0614573
0 0.381538 0.388695 0.031813 0.0312606
0 0.48035 0.936953 0.0380269 0.0534159
0 0.844755 0.534455 0.070488 0.0733999
0 0.345608 0.482267 0.104207 0.0925897
0 0.239645 0.762328 0.0411401 0.0134445
0 0.426618 0.536239 0.076428 0.0621409
0 0.731668 0.345302 0.0751778 0.102687
0 0.747488 0.367561 0.120489 0.141176
0 0.555067 0.583027 0.0233191 0.0172462
0 0.570688 0.667293 0.0200969 0.0375558
0 0.887459 0.598027 0.0434721 0.0420477
0 0.412657 0.529234 0.103023 0.077406
0 0.745604 0.350661 0.0864067 0.105398
