0 0.31623 0.714309 0.0442687 0.0598602
0 0.550595 0.218997 0.0791593 0.0658024
0 0.478414 0.946047 0.0237745 0.0531905
0 0.529024 0.752378 0.0627265 0.0537329
0 0.827194 0.431715 0.0781401 0.0417604
0 0.421879 0.549554 0.0826635 0.0553055
0 0.680371 0.330145 0.0917554 0.130038
0 0.758192 0.450248 0.0534277 0.0887189
0 0.749772 0.442062 0.0545744 0.0765969
0 0.412558 0.545894 0.10875 0.0636806
0 0.672678 0.317296 0.0805817 0.101727
0 0.821428 0.440224 0.088352 0.0624735
0 0.34269 0.487677 0.102142 0.0903363
0 0.338882 0.4737 0.0922384 0.0684808
0 0.382574 0.407673 0.0275804 0.0344372
0 0.713455 0.418911 0.0363276 0.0307717
