0 0.517811 0.735593 0.0730106 0.0580177
0 0.304522 0.68999 0.0436821 0.0592979
0 0.872907 0.600196 0.0534861 0.0264084
0 0.473691 0.934793 0.0397775 0.0598511
0 0.696841 0.278366 0.0788103 0.0851071
0 0.560576 0.168995 0.0950472 0.0547738
0 0.370057 0.38276 0.0309176 0.0337125
0 0.344346 0.478653 0.125726 0.101412
0 0.714053 0.336591 0.0340259 0.0519931
0 0.713113 0.319625 0.0415564 0.0913155
0 0.333607 0.470434 0.101652 0.0861624
0 0.585642 0.25115 0.0214568 0.038007
0 0.358578 0.487516 0.15196 0.114701
0 0.401954 0.526238 0.108113 0.071089
0 0.697481 0.294636 0.083874 0.116547
0 0.390484 0.511093 0.139392 0.107999
