0 0.521634 0.733711 0.0746666 0.057109
0 0.479535 0.92843 0.0367463 0.0674354
0 0.668408 0.32722 0.0474682 0.0711569
0 0.310102 0.691424 0.0422432 0.0598032
0 0.786298 0.515153 0.0409245 0.0208375
0 0.397951 0.391444 0.0706967 0.0449247
0 0.529812 0.203246 0.0408218 0.0302096
0 0.724428 0.290277 0.0414095 0.0931139
0 0.601568 0.252777 0.0329207 0.0321114
0 0.362996 0.487802 0.117864 0.10568
0 0.419117 0.532185 0.0877507 0.0622324
0 0.346768 0.479523 0.117343 0.094977
0 0.834874 0.484202 0.0252995 0.0361882
0 0.399771 0.508076 0.136021 0.117714
0 0.334435 0.461659 0.0867136 0.0654918
0 0.408816 0.525121 0.109997 0.0868294
