0 0.470758 0.944454 0.0385419 0.0510027
0 0.317051 0.713616 0.0429223 0.0590906
0 0.528018 0.751732 0.0603883 0.0530436
0 0.928907 0.582784 0.0444016 0.0485928
0 0.733028 0.423425 0.0572844 0.0610991
0 0.553529 0.191121 0.0853238 0.0699383
0 0.383318 0.0168574 0.0377079 0.0239952
0 0.633846 0.260317 0.0328574 0.0305923
0 0.415995 0.548655 0.0965979 0.0575842
0 0.405551 0.537086 0.125256 0.0810392
0 0.809246 0.435613 0.0807312 0.124252
0 0.34414 0.488949 0.103482 0.0935798
0 0.338933 0.472529 0.0913601 0.0677013
0 0.81172 0.454505 0.0691574 0.0774115
0 0.38178 0.404894 0.0309219 0.0312378
0 0.36287 0.498228 0.110483 0.0972105
0 0.793757 0.418044 0.0779986 0.106615
