0 0.318183 0.705981 0.0433035 0.0557112
0 0.526483 0.743958 0.0697783 0.0585966
0 0.55664 0.180326 0.0789075 0.0553977
0 0.485621 0.938988 0.0450312 0.0586059
0 0.593112 0.253634 0.061451 0.0640538
0 0.689675 0.606345 0.0501542 0.0691003
0 0.771164 0.454879 0.067327 0.0843583
0 0.236021 0.767785 0.0384845 0.0145913
0 0.384277 0.396268 0.0298333 0.0321835
0 0.683638 0.321701 0.0353659 0.0691566
0 0.346848 0.483175 0.103562 0.0949493
0 0.423495 0.540044 0.0827946 0.0638833
0 0.410144 0.530139 0.109935 0.084138
0 0.765079 0.441977 0.0697246 0.0819345
0 0.72415 0.308408 0.03543 0.0353716
