0 0.503916 0.729662 0.0735679 0.0528116
0 0.634532 0.265563 0.0457802 0.0490818
0 0.28785 0.686689 0.0477713 0.0650746
0 0.886929 0.491115 0.0568695 0.0869922
0 0.704765 0.333562 0.0521412 0.0850508
0 0.450281 0.914507 0.0191962 0.0379376
0 0.353741 0.380388 0.0316156 0.0346265
0 0.321301 0.468155 0.101596 0.0871193
0 0.345569 0.47742 0.135919 0.105211
0 0.390705 0.524288 0.101477 0.0655594
0 0.359502 0.488291 0.145006 0.115348
0 0.699801 0.326492 0.0496069 0.0721294
0 0.543659 0.658054 0.017869 0.040518
0 0.38217 0.517004 0.123092 0.0857066
0 0.375951 0.500192 0.152167 0.112563
