0 0.515422 0.735066 0.0752683 0.0586631
0 0.302873 0.688884 0.0455225 0.0627544
0 0.836044 0.439639 0.0552655 0.0353425
0 0.925823 0.617173 0.0817616 0.0280581
0 0.642594 0.243275 0.0389016 0.0502622
0 0.472384 0.93426 0.0349306 0.0539377
0 0.368274 0.382366 0.0310209 0.0345646
0 0.409053 0.530711 0.0929691 0.061973
0 0.697539 0.323294 0.0895287 0.124892
0 0.334913 0.472426 0.104 0.086796
0 0.711497 0.285267 0.0590553 0.105451
0 0.705075 0.303914 0.075037 0.125173
0 0.398544 0.526308 0.117502 0.0797479
0 0.70159 0.332067 0.0806572 0.0914612
0 0.556545 0.660323 0.025388 0.0390149
