0 0.832206 0.460731 0.0532645 0.0466118
0 0.660201 0.275623 0.0523069 0.0482172
0 0.316717 0.712584 0.0424772 0.0627004
0 0.529378 0.751642 0.0578552 0.0506982
0 0.487959 0.951237 0.0286946 0.0387878
0 0.383768 0.40337 0.0328248 0.0324159
0 0.579284 0.206117 0.0421581 0.0596965
0 0.416604 0.548268 0.0951831 0.0574138
0 0.680125 0.354716 0.0230087 0.0185668
0 0.403406 0.533252 0.126151 0.0879185
0 0.344652 0.487914 0.107313 0.0945407
0 0.340442 0.472496 0.0968957 0.0704797
0 0.367915 0.498606 0.117668 0.100657
