0 0.316427 0.706109 0.0436564 0.0543892
0 0.555995 0.179077 0.0784148 0.0547972
0 0.485216 0.939395 0.0468496 0.0586801
0 0.529927 0.745297 0.0655864 0.0564291
0 0.681995 0.596278 0.0653301 0.0829928
0 0.884916 0.461285 0.0557567 0.044108
0 0.400518 0.0742675 0.0890288 0.076872
0 0.603081 0.257541 0.0429225 0.0409195
0 0.384802 0.397312 0.0290698 0.0327559
0 0.23609 0.767209 0.0366418 0.0143039
0 0.772956 0.452928 0.111743 0.114448
0 0.346933 0.483666 0.101963 0.0933318
0 0.854544 0.538911 0.0389452 0.0504785
0 0.238292 0.630438 0.021874 0.0301348
0 0.420772 0.540042 0.0891885 0.0647498
0 0.408257 0.530293 0.112106 0.083287
0 0.855889 0.572114 0.0280271 0.0338697
