0 0.525518 0.738076 0.072422 0.056042
0 0.481144 0.930888 0.0388747 0.0695862
0 0.378646 0.383507 0.0332749 0.038909
0 0.675114 0.348228 0.0424888 0.0323434
0 0.310992 0.692399 0.044014 0.0613468
0 0.462468 0.103921 0.0345115 0.0631894
0 0.686927 0.304392 0.0713781 0.0210676
0 0.770538 0.461425 0.0513651 0.0559698
0 0.580659 0.217478 0.0830362 0.0994348
0 0.354665 0.486746 0.116834 0.102403
0 0.642278 0.528399 0.0214298 0.0401542
0 0.421421 0.532034 0.084695 0.0629385
0 0.345484 0.475856 0.108967 0.0853336
0 0.412369 0.527324 0.0993149 0.0762377
0 0.581865 0.239404 0.0519198 0.0762453
0 0.778937 0.463558 0.0385108 0.0580132
0 0.398774 0.506656 0.147448 0.120057
