0 0.315868 0.714426 0.0426521 0.0597149
0 0.530172 0.7528 0.0550668 0.0507419
0 0.557692 0.209154 0.0709212 0.0803442
0 0.421621 0.549741 0.0855896 0.0551412
0 0.482351 0.952127 0.0192931 0.044644
0 0.714673 0.381199 0.10485 0.103266
0 0.410647 0.543027 0.116569 0.0699458
0 0.38238 0.40356 0.0293541 0.0297958
0 0.348376 0.488572 0.0992955 0.0940464
0 0.780661 0.475304 0.049932 0.0948787
0 0.742446 0.388766 0.152497 0.117701
0 0.335295 0.468702 0.0814251 0.058679
0 0.700011 0.377003 0.0775824 0.0897294
0 0.778299 0.488347 0.0406199 0.0686783
0 0.341039 0.478914 0.0929481 0.073179
0 0.54658 0.20943 0.0735147 0.0756694
0 0.362463 0.49308 0.0790544 0.0825285
