0 0.320105 0.944578 0.0340904 0.0361047
0 0.355172 0.0409814 0.0572821 0.0497754
0 0.494814 0.72688 0.0743723 0.0585749
0 0.548591 0.197398 0.0464032 0.0685898
0 0.27935 0.685507 0.0477765 0.0641842
0 0.718156 0.439958 0.064067 0.0525697
0 0.650247 0.350977 0.0275884 0.0345646
0 0.430055 0.0929314 0.0551565 0.0723015
0 0.42328 0.0933749 0.0404506 0.066059
0 0.515118 0.134337 0.0369048 0.0219407
0 0.316982 0.468827 0.126447 0.098037
0 0.387581 0.523812 0.0953074 0.0619023
0 0.444863 0.0928353 0.0808548 0.0687072
0 0.369969 0.502153 0.152602 0.110399
0 0.377952 0.517003 0.122816 0.0810851
