0 0.507051 0.731318 0.0734757 0.0576432
0 0.292775 0.685648 0.0472711 0.0611746
0 0.531424 0.205874 0.0728316 0.0565073
0 0.397654 0.0471358 0.0631224 0.0613886
0 0.359993 0.382623 0.0300853 0.0354543
0 0.847423 0.547787 0.0389149 0.0456004
0 0.330381 0.47101 0.11484 0.0911694
0 0.392498 0.525239 0.111464 0.071613
0 0.364096 0.488331 0.144337 0.118976
0 0.385164 0.510129 0.126854 0.103395
0 0.381353 0.0438399 0.0911538 0.0728188
0 0.547447 0.660277 0.0194998 0.0320252
0 0.38012 0.504511 0.157918 0.11919
0 0.365735 0.0288593 0.0845854 0.0577187
