0 0.503469 0.732374 0.0729617 0.0553038
0 0.601001 0.254886 0.0664771 0.0497323
0 0.2859 0.686621 0.044245 0.0609694
0 0.793121 0.455916 0.0375772 0.0441946
0 0.435694 0.0809623 0.0320568 0.0487611
0 0.35107 0.379255 0.0291747 0.0358927
0 0.900568 0.628967 0.0262148 0.0303437
0 0.395334 0.52564 0.0887889 0.0626085
0 0.925526 0.537123 0.0279465 0.0421848
0 0.315542 0.466076 0.0978636 0.0817256
0 0.329764 0.470368 0.0874386 0.0836077
0 0.862612 0.459367 0.0577445 0.0347098
0 0.442269 0.894916 0.0245156 0.0433276
0 0.333092 0.484932 0.0924197 0.101293
0 0.380395 0.504326 0.14097 0.110156
0 0.923319 0.532697 0.0285429 0.053509
0 0.86758 0.463689 0.0580528 0.0402159
