0 0.31675 0.70482 0.0424903 0.0559585
0 0.638446 0.28472 0.055266 0.0499107
0 0.528202 0.743771 0.0699914 0.0590498
0 0.486557 0.939455 0.0404074 0.0552011
0 0.23662 0.766442 0.0417594 0.016335
0 0.383017 0.392955 0.0296142 0.034924
0 0.34692 0.484088 0.103285 0.0940042
0 0.532135 0.210685 0.0341918 0.0198177
0 0.426137 0.541056 0.0800269 0.0632118
0 0.739306 0.413639 0.0994487 0.105954
0 0.41359 0.533217 0.103389 0.0788389
0 0.762236 0.459913 0.0683292 0.07823
0 0.343063 0.472306 0.0974116 0.0717942
0 0.555851 0.585336 0.0238225 0.0185223
