0 0.316158 0.707171 0.0424705 0.0536995
0 0.49051 0.942989 0.0385694 0.0563103
0 0.528274 0.74647 0.0675836 0.0583575
0 0.424493 0.0915218 0.0868071 0.073428
0 0.561516 0.187046 0.063087 0.0649976
0 0.384111 0.398983 0.0292717 0.0341917
0 0.636866 0.295602 0.0411003 0.0178019
0 0.74143 0.311886 0.0343263 0.0764297
0 0.347365 0.484584 0.102673 0.095093
0 0.420325 0.54339 0.0877947 0.0585948
0 0.236641 0.770311 0.0327353 0.0147811
0 0.407933 0.532028 0.115088 0.0808951
0 0.342603 0.470612 0.0968922 0.0697065
