0 0.503317 0.729347 0.0702964 0.0519676
0 0.288037 0.687506 0.0452613 0.0615754
0 0.46196 0.933046 0.0384546 0.0482759
0 0.947498 0.58103 0.0444858 0.0817566
0 0.495936 0.115958 0.0426656 0.051305
0 0.69422 0.320656 0.0386646 0.0658216
0 0.355311 0.380268 0.0325488 0.0347751
0 0.420894 0.0670336 0.0613399 0.0468739
0 0.660933 0.286182 0.0528049 0.0713152
0 0.950387 0.583268 0.0312001 0.0762172
0 0.348716 0.481632 0.14335 0.110545
0 0.415317 0.0650516 0.0697864 0.0583981
0 0.388515 0.524535 0.10858 0.0685877
0 0.318719 0.467966 0.0995299 0.0846949
0 0.332935 0.474601 0.126525 0.101403
0 0.429741 0.873041 0.0212862 0.0467341
0 0.381667 0.514441 0.126317 0.0936586
0 0.541649 0.657765 0.0209652 0.0378008
0 0.376617 0.502684 0.155576 0.115832
0 0.646879 0.280735 0.062218 0.0689883
