0 0.521553 0.733765 0.0730635 0.0568748
0 0.374293 0.0303823 0.0668758 0.0471847
0 0.309783 0.691502 0.0399097 0.0602391
0 0.864534 0.598517 0.056798 0.0441651
0 0.492395 0.106341 0.0680807 0.0513154
0 0.55053 0.213709 0.0532397 0.0419353
0 0.684947 0.389285 0.0359166 0.0909727
0 0.372618 0.491106 0.154594 0.117011
0 0.373518 0.383859 0.0331645 0.0330399
0 0.3541 0.481965 0.134401 0.104123
0 0.404761 0.523865 0.110222 0.0763979
0 0.39734 0.506548 0.136415 0.114849
0 0.343426 0.473362 0.108674 0.0875162
0 0.41298 0.528867 0.0994588 0.0621725
