0 0.521156 0.734429 0.0732459 0.056726
0 0.307933 0.691194 0.040377 0.0594589
0 0.475863 0.939987 0.0340004 0.0564797
0 0.613875 0.214989 0.0528107 0.0284112
0 0.735937 0.361999 0.0254612 0.084823
0 0.664567 0.289798 0.0361991 0.0401095
0 0.82138 0.436954 0.0806561 0.0822511
0 0.373215 0.383713 0.0330058 0.0323531
0 0.898077 0.593879 0.0607201 0.0754422
0 0.343111 0.476566 0.116266 0.0962408
0 0.734145 0.352299 0.0241808 0.0736071
0 0.416006 0.530539 0.0895001 0.0585554
0 0.878361 0.529391 0.0463405 0.0876007
0 0.896255 0.577645 0.0759418 0.116015
0 0.39277 0.511923 0.139928 0.108366
0 0.772899 0.46171 0.0377635 0.0292606
0 0.40819 0.528633 0.105109 0.0746175
0 0.357389 0.496436 0.14071 0.118554
0 0.882635 0.550309 0.0637732 0.136541
