0 0.779907 0.417784 0.0723405 0.027048
0 0.270908 0.683493 0.0437359 0.0579946
0 0.670735 0.299467 0.0482993 0.09124
0 0.484982 0.725317 0.071247 0.0557584
0 0.33971 0.37869 0.0327994 0.0355219
0 0.608928 0.238421 0.0307043 0.0463277
0 0.262678 0.0159204 0.021091 0.0318407
0 0.383588 0.524881 0.0822763 0.0588315
0 0.581539 0.262526 0.0255961 0.026953
0 0.30236 0.466545 0.102424 0.0797507
0 0.606086 0.297071 0.0264546 0.0240402
0 0.442244 0.926667 0.025355 0.0481791
0 0.506646 0.183864 0.0227437 0.0347469
0 0.838892 0.572666 0.0258594 0.0536687
0 0.959557 0.649867 0.0339209 0.0206326
0 0.433703 0.990167 0.0367323 0.0196669
