0 0.495007 0.72695 0.0725543 0.0615174
0 0.279784 0.68489 0.0466332 0.0651805
0 0.728673 0.331478 0.048537 0.0530644
0 0.628427 0.272824 0.110119 0.104655
0 0.474419 0.128165 0.124068 0.0907773
0 0.342743 0.483442 0.162165 0.117663
0 0.316902 0.467074 0.117914 0.0905529
0 0.346187 0.376615 0.0301379 0.0339716
0 0.614305 0.261531 0.0840852 0.0847775
0 0.73956 0.388777 0.0200884 0.0251354
0 0.570103 0.197452 0.0282106 0.0347614
0 0.358207 0.498278 0.15197 0.112157
0 0.3792 0.522581 0.111984 0.0675242
