0 0.516163 0.734752 0.0743661 0.0585206
0 0.30175 0.689791 0.0432317 0.0596535
0 0.900405 0.492688 0.064683 0.0695505
0 0.641324 0.244877 0.0433928 0.0520471
0 0.889395 0.605009 0.0686758 0.0468408
0 0.474129 0.936197 0.034443 0.0557241
0 0.368512 0.382331 0.0303417 0.0370784
0 0.88643 0.598029 0.0764132 0.0619869
0 0.334512 0.47249 0.101299 0.0878798
0 0.40684 0.530435 0.0930812 0.0616338
0 0.69884 0.32168 0.0873199 0.122979
0 0.703085 0.301989 0.0787778 0.129383
0 0.70936 0.283096 0.0631614 0.10457
0 0.391769 0.525321 0.126542 0.0801554
0 0.702022 0.330258 0.0787506 0.0876487
0 0.702098 0.302888 0.108677 0.134988
