0 0.315147 0.705724 0.0462362 0.057168
0 0.529789 0.745095 0.0689296 0.0574226
0 0.487944 0.939873 0.0406422 0.0587548
0 0.540749 0.160214 0.0499709 0.0359628
0 0.38421 0.397283 0.0296593 0.0326759
0 0.742624 0.376704 0.0664842 0.104311
0 0.237804 0.768556 0.0342089 0.0148309
0 0.34943 0.48604 0.107399 0.0986567
0 0.416615 0.537101 0.0970541 0.070266
0 0.363728 0.49503 0.133592 0.107566
0 0.404651 0.527105 0.123499 0.091327
0 0.343705 0.471835 0.0997181 0.0728012
0 0.745579 0.392732 0.0601959 0.083493
0 0.392952 0.508435 0.174007 0.121446
