0 0.297709 0.0429454 0.0611327 0.0475576
0 0.267988 0.681798 0.0436457 0.060384
0 0.44597 0.927626 0.0267857 0.0499017
0 0.481516 0.72593 0.0761837 0.0573336
0 0.64237 0.327364 0.03494 0.100621
0 0.337926 0.379635 0.0315604 0.034537
0 0.375504 0.523381 0.0924071 0.0607373
0 0.768397 0.447119 0.0546162 0.0570205
0 0.672129 0.447871 0.0295439 0.0467897
0 0.300766 0.467065 0.107367 0.0801221
0 0.641539 0.319643 0.0283494 0.0813891
0 0.312753 0.473671 0.0956858 0.0854529
0 0.835585 0.536957 0.0442832 0.0230389
0 0.440446 0.989317 0.0361587 0.0199256
0 0.435413 0.989845 0.0384483 0.0203092
