0 0.490481 0.729092 0.0727801 0.0581245
0 0.274739 0.683987 0.0445029 0.0627773
0 0.750134 0.345186 0.0543058 0.0522366
0 0.643046 0.368003 0.0667541 0.0795301
0 0.948819 0.620706 0.0372698 0.0713732
0 0.893826 0.610475 0.0311925 0.0403632
0 0.380064 0.521804 0.091162 0.0655861
0 0.540026 0.193406 0.122518 0.11364
0 0.307283 0.46663 0.105223 0.0863063
0 0.341477 0.377845 0.0331053 0.0318758
0 0.370791 0.516389 0.116799 0.0872047
0 0.440511 0.990971 0.0371968 0.0180587
0 0.449327 0.939749 0.0202846 0.0367956
0 0.532593 0.176643 0.103357 0.0882221
0 0.318488 0.474713 0.102548 0.0980266
0 0.5452 0.212209 0.128712 0.132827
0 0.434751 0.990781 0.0415339 0.018437
