0 0.52602 0.738999 0.0719345 0.0583096
0 0.146715 0.333505 0.0490115 0.0240513
0 0.477134 0.928077 0.0278648 0.0540079
0 0.314218 0.700416 0.0443061 0.0603504
0 0.381091 0.390812 0.0320874 0.0351293
0 0.767803 0.362966 0.0486486 0.0968931
0 0.346924 0.482453 0.107575 0.0974053
0 0.237523 0.760711 0.0391005 0.0159674
0 0.774796 0.370667 0.0408205 0.0795953
0 0.959464 0.576557 0.0456738 0.0490599
0 0.422309 0.534484 0.0798641 0.0678576
0 0.763444 0.355067 0.0466086 0.0805454
0 0.343759 0.469674 0.100168 0.0749177
0 0.691004 0.28774 0.0284424 0.0344594
0 0.409747 0.527752 0.102422 0.0816116
0 0.944716 0.562249 0.0665412 0.0672046
0 0.554061 0.58241 0.0244203 0.0193384
0 0.569374 0.665388 0.0213469 0.0388024
0 0.35951 0.491459 0.129583 0.105458
0 0.929407 0.545438 0.0410016 0.0506028
