0 0.317341 0.707449 0.041618 0.0547798
0 0.480453 0.08404 0.0646261 0.0639889
0 0.528576 0.745382 0.0669887 0.0568995
0 0.562228 0.202907 0.0873269 0.0515487
0 0.643392 0.284463 0.0815773 0.0789929
0 0.381295 0.398698 0.0326115 0.0327042
0 0.425886 0.545533 0.0768819 0.056123
0 0.238161 0.77148 0.0388164 0.015857
0 0.484393 0.944405 0.0281277 0.0419388
0 0.346052 0.482428 0.0994682 0.0893503
0 0.414935 0.539595 0.102139 0.0684638
0 0.74478 0.361717 0.0293667 0.0590054
0 0.34136 0.470641 0.0948311 0.0701984
