0 0.770133 0.769465 0.0732152 0.0591768
0 0.581138 0.927369 0.0519493 0.030946
0 0.623725 0.866704 0.0915645 0.0546739
0 0.499971 0.525034 0.0629429 0.0498405
0 0.31348 0.672406 0.0543681 0.0235507
0 0.451535 0.488436 0.0642395 0.0290502
0 0.351472 0.58725 0.0925333 0.0556457
0 0.878027 0.725867 0.0296199 0.0379453
0 0.741304 0.950421 0.0595586 0.0888745
0 0.347009 0.595875 0.0910672 0.0497699
0 0.161095 0.767492 0.0741029 0.133821
0 0.69592 0.918891 0.0583498 0.043452
0 0.167996 0.754145 0.0747126 0.112084
0 0.152147 0.785425 0.0644539 0.107915
