0 0.238632 0.69429 0.0765928 0.0755204
0 0.680408 0.825437 0.0414501 0.0267773
0 0.585862 0.379384 0.0836564 0.0559155
0 0.41879 0.487997 0.0375887 0.0385319
0 0.319542 0.6001 0.0794266 0.0501111
0 0.85825 0.881505 0.0560019 0.0629637
0 0.722525 0.981812 0.0352409 0.0362995
0 0.396058 0.579581 0.0380706 0.0373621
0 0.586487 0.930831 0.0462577 0.0374461
0 0.715316 0.894799 0.0650074 0.0530324
0 0.760115 0.776178 0.0680587 0.0357072
0 0.774021 0.77053 0.0512824 0.0311998
0 0.583163 0.93709 0.0440038 0.0500441
0 0.706774 0.899772 0.0648577 0.0608922
