0 0.21027 0.714746 0.0842226 0.0994661
0 0.579078 0.928974 0.0541732 0.034153
0 0.730449 0.805242 0.133909 0.0983012
0 0.730969 0.977801 0.0533786 0.0443988
0 0.29189 0.591298 0.0704334 0.0549889
0 0.710801 0.905139 0.0591865 0.0387453
0 0.359568 0.585071 0.0724758 0.0387723
0 0.694504 0.920578 0.0679169 0.0565852
0 0.34797 0.588203 0.0979246 0.044266
0 0.302363 0.673894 0.032763 0.0228181
0 0.702984 0.914248 0.0728143 0.055578
0 0.536704 0.490435 0.0293963 0.0345844
0 0.328808 0.592046 0.133502 0.0583967
0 0.331638 0.591122 0.103209 0.0498133
0 0.736416 0.794591 0.118137 0.0783004
