0 0.577551 0.927626 0.0547225 0.0336795
0 0.464718 0.506746 0.0709521 0.0391562
0 0.772741 0.769416 0.0825117 0.0611663
0 0.140659 0.752376 0.0467576 0.0587034
0 0.210369 0.685105 0.056761 0.0502928
0 0.750096 0.9581 0.0429947 0.0684426
0 0.340816 0.611567 0.0927992 0.0512848
0 0.688885 0.917892 0.0506052 0.0394959
0 0.330809 0.643128 0.0842377 0.0484464
0 0.628714 0.865125 0.100243 0.0575738
0 0.341548 0.63233 0.10324 0.0653387
0 0.641168 0.845291 0.123615 0.0866636
0 0.661273 0.8408 0.0884542 0.0826488
0 0.342208 0.620904 0.102653 0.0437965
