0 0.275326 0.237253 0.070187 0.0501483
0 0.557403 0.782771 0.0486946 0.0815067
0 0.679466 0.231025 0.0317481 0.0288288
0 0.126373 0.350819 0.0602621 0.11173
0 0.496155 0.553611 0.0506716 0.102991
0 0.884949 0.681771 0.0453901 0.0688463
0 0.616333 0.851159 0.0240257 0.0692357
0 0.536507 0.454942 0.0678276 0.113235
0 0.615864 0.843883 0.031335 0.0833118
0 0.735496 0.398998 0.0501647 0.0715246
0 0.739943 0.401994 0.0436223 0.0577554
0 0.601155 0.773352 0.0315486 0.0722489
0 0.438822 0.31188 0.0451201 0.0375148
0 0.533684 0.445717 0.0575757 0.0929325
0 0.569191 0.782231 0.0769972 0.0878778
0 0.529943 0.4719 0.0713005 0.12171
0 0.126142 0.362732 0.0529143 0.0871924
