0 0.70392 0.374634 0.0654966 0.0993848
0 0.860032 0.471014 0.0496917 0.0802358
0 0.635367 0.841355 0.0466044 0.0908852
0 0.328978 0.240273 0.0706023 0.0366652
0 0.63626 0.199245 0.0433168 0.0455203
0 0.562812 0.746938 0.0422716 0.0872734
0 0.528345 0.638021 0.0361328 0.101315
0 0.122284 0.342539 0.0549235 0.0976367
0 0.690482 0.210158 0.0303251 0.0578404
0 0.524709 0.465403 0.0352368 0.095623
0 0.52444 0.63493 0.0330756 0.0856817
0 0.526265 0.481222 0.0422938 0.133398
0 0.121704 0.32804 0.0544975 0.068437
0 0.5279 0.502693 0.0395977 0.114754
0 0.523827 0.451405 0.0292411 0.0687826
