0 0.605597 0.771364 0.0280581 0.0758371
0 0.390314 0.367556 0.0636526 0.0758395
0 0.794418 0.501563 0.0304574 0.0441859
0 0.551504 0.491338 0.030813 0.0931672
0 0.320768 0.283828 0.0629225 0.0675964
0 0.122338 0.349842 0.0610665 0.115575
0 0.546655 0.835686 0.0346081 0.05952
0 0.546485 0.839383 0.0303636 0.0467751
0 0.729472 0.222411 0.0598521 0.0775402
0 0.726969 0.288259 0.0845844 0.0957315
0 0.728325 0.236752 0.0686703 0.0970908
0 0.727068 0.271891 0.0896972 0.143006
0 0.124585 0.363594 0.0494359 0.0842566
