0 0.400481 0.355454 0.058092 0.0368836
0 0.737591 0.238952 0.071382 0.0728851
0 0.327312 0.21408 0.0597805 0.0431128
0 0.549623 0.173958 0.0633571 0.0524346
0 0.491937 0.0897933 0.0441353 0.0523172
0 0.768042 0.545143 0.0280519 0.0536431
0 0.122928 0.348323 0.0602073 0.112642
0 0.266456 0.257783 0.043399 0.0421066
0 0.462645 0.113566 0.0405985 0.0342913
0 0.4837 0.0917563 0.0623742 0.0655638
0 0.122352 0.328987 0.0525567 0.071493
0 0.267717 0.164693 0.0513403 0.0241364
0 0.125931 0.361831 0.0492901 0.0792153
