0 0.671371 0.243044 0.0494621 0.0583863
0 0.549334 0.505564 0.0465544 0.0984782
0 0.131198 0.353928 0.0605101 0.107571
0 0.646496 0.887319 0.018779 0.0472157
0 0.389285 0.350306 0.0780841 0.0617528
0 0.356428 0.27577 0.0864917 0.0726558
0 0.182245 0.981795 0.0292423 0.0364105
0 0.81032 0.642964 0.0680833 0.0912741
0 0.86538 0.717154 0.0216227 0.0685678
0 0.86574 0.700177 0.023237 0.10368
0 0.819247 0.636883 0.0519226 0.0746769
0 0.551255 0.518368 0.0379684 0.0697081
0 0.38397 0.346006 0.0770769 0.0781905
0 0.793641 0.580724 0.0270712 0.0474612
0 0.127275 0.364863 0.0506966 0.0857221
0 0.864471 0.672136 0.0297654 0.102508
0 0.188759 0.982231 0.0417933 0.0355371
