0 0.275254 0.208092 0.0833102 0.0670722
0 0.448873 0.421388 0.0373738 0.0389296
0 0.75376 0.51856 0.043607 0.0975912
0 0.647877 0.214692 0.0742081 0.0981774
0 0.725211 0.348292 0.0469053 0.0895656
0 0.124766 0.34919 0.0621366 0.117561
0 0.713062 0.408513 0.051343 0.0505118
0 0.721636 0.356785 0.052439 0.120571
0 0.324939 0.273421 0.0208598 0.0344003
0 0.124305 0.330339 0.0509397 0.0749384
0 0.644285 0.204372 0.068409 0.0756177
0 0.717318 0.38306 0.0561051 0.101586
0 0.126017 0.363266 0.0503825 0.0867582
