0 0.277557 0.2146 0.0773564 0.0478646
0 0.389125 0.298588 0.0978639 0.0741227
0 0.709033 0.369447 0.0508566 0.0947381
0 0.432343 0.41011 0.0450872 0.0868938
0 0.655016 0.888051 0.0344028 0.0265183
0 0.12409 0.345592 0.0567528 0.106244
0 0.642005 0.204846 0.0656844 0.0684527
0 0.574708 0.803469 0.0291653 0.0678852
0 0.705517 0.359682 0.0444992 0.0791506
0 0.679423 0.206422 0.0515604 0.071183
0 0.126438 0.328505 0.0487066 0.0684371
0 0.690315 0.207945 0.0311015 0.0649256
0 0.124687 0.360842 0.0490937 0.0722954
0 0.654962 0.204588 0.0932941 0.0737413
