0 0.733515 0.341495 0.0537705 0.0932218
0 0.824186 0.446845 0.0583556 0.11355
0 0.122669 0.340871 0.0579106 0.102411
0 0.827435 0.75875 0.0435457 0.114998
0 0.736529 0.349329 0.0592365 0.12048
0 0.124185 0.326057 0.049098 0.073043
0 0.299507 0.222854 0.0433105 0.0249599
0 0.690525 0.167273 0.0286868 0.021725
0 0.825637 0.457786 0.0451462 0.0852293
0 0.825094 0.773515 0.0311145 0.0740442
0 0.750257 0.405574 0.0592422 0.0684732
0 0.760967 0.408133 0.064621 0.0724337
0 0.73121 0.328678 0.0490464 0.0691772
0 0.833091 0.732976 0.0385162 0.0693626
