0 0.871921 0.627508 0.0829713 0.0629418
0 0.226038 0.16222 0.0668535 0.0421306
0 0.569832 0.761225 0.0315111 0.0708778
0 0.305067 0.244263 0.0951375 0.0512149
0 0.12086 0.344349 0.0652263 0.11004
0 0.60367 0.63966 0.023405 0.0628499
0 0.628365 0.222106 0.0759733 0.0798608
0 0.452918 0.437323 0.0480971 0.0437096
0 0.121816 0.328493 0.0544781 0.0772492
0 0.689746 0.29261 0.0897362 0.0990299
0 0.636925 0.231939 0.0898988 0.103628
0 0.685226 0.282669 0.101647 0.130683
0 0.66747 0.253224 0.114145 0.112911
