0 0.801594 0.321997 0.0451653 0.0511732
0 0.316024 0.242219 0.0927548 0.0600738
0 0.574057 0.162871 0.0377977 0.0467276
0 0.534141 0.610306 0.0357418 0.0816467
0 0.648774 0.886364 0.0329183 0.0281835
0 0.731919 0.449049 0.0469748 0.103707
0 0.690263 0.207733 0.0309312 0.0704904
0 0.694676 0.331605 0.053071 0.0895206
0 0.122273 0.349731 0.0606466 0.112998
0 0.440839 0.348938 0.0907924 0.108568
0 0.49284 0.460401 0.0257866 0.0811242
0 0.736263 0.461182 0.0341072 0.0788863
0 0.121976 0.362456 0.0529853 0.0832066
