0 0.73137 0.264072 0.0595307 0.0697489
0 0.129209 0.352265 0.0685701 0.110929
0 0.883564 0.893876 0.0241412 0.0478584
0 0.881482 0.705203 0.0615418 0.10666
0 0.639397 0.253119 0.060621 0.0611846
0 0.899052 0.653192 0.0254066 0.0607474
0 0.846015 0.466745 0.0642643 0.107527
0 0.848782 0.503492 0.0660174 0.120134
0 0.877682 0.70287 0.0523297 0.0826461
0 0.853009 0.520722 0.0409448 0.0782777
0 0.650879 0.219529 0.0493636 0.0374213
0 0.885805 0.692275 0.0683641 0.111529
0 0.863978 0.468379 0.059083 0.089512
0 0.851664 0.483001 0.0791308 0.137216
0 0.837324 0.450259 0.0391936 0.0814666
0 0.128879 0.362621 0.0575717 0.0808269
