0 0.578341 0.406651 0.0739119 0.0868155
0 0.604148 0.715223 0.0738561 0.0800459
0 0.338692 0.672581 0.0802932 0.0661898
0 0.375838 0.255934 0.0460181 0.108275
0 0.457487 0.499081 0.0869082 0.092472
0 0.444873 0.510827 0.10957 0.120209
0 0.914708 0.863013 0.0253844 0.0182011
0 0.395002 0.575971 0.103106 0.08325
0 0.43546 0.516041 0.170656 0.146274
0 0.375197 0.268715 0.0433037 0.076727
0 0.402178 0.571253 0.115422 0.109659
0 0.661185 0.840443 0.0429858 0.0309851
0 0.449969 0.674157 0.0323956 0.0364835
0 0.912645 0.579977 0.0335822 0.0509298
