0 0.644373 0.195922 0.0288017 0.0418477
0 0.972252 0.805419 0.05492 0.0346431
0 0.688192 0.57027 0.0721074 0.0553296
0 0.3851 0.599889 0.0625746 0.0590225
0 0.959116 0.485215 0.0466918 0.0425907
0 0.633029 0.300779 0.0320417 0.0399196
0 0.716564 0.125369 0.0632999 0.0377073
0 0.419217 0.04384 0.044114 0.0458429
0 0.735998 0.812473 0.0520548 0.0452764
0 0.400315 0.740076 0.0617381 0.0526783
0 0.598938 0.683485 0.0422248 0.0601454
0 0.811935 0.729092 0.0671031 0.0895525
0 0.610656 0.364826 0.0468752 0.0449299
0 0.910503 0.60589 0.0729597 0.1083
0 0.16444 0.581127 0.0757136 0.0386027
0 0.909474 0.885961 0.027195 0.0254478
0 0.869439 0.45242 0.0309329 0.0244484
0 0.336563 0.752872 0.0414334 0.0386412
0 0.444951 0.230846 0.0318873 0.0347857
0 0.677968 0.859345 0.0533203 0.0352869
0 0.794272 0.491726 0.0601125 0.0481737
0 0.48978 0.640005 0.0316799 0.0437162
0 0.15228 0.589627 0.0764627 0.0410627
0 0.485786 0.485584 0.0561861 0.0664071
0 0.599445 0.870912 0.0735781 0.0384264
0 0.59189 0.689558 0.0555716 0.0734797
0 0.352304 0.0190978 0.0500778 0.0359233
0 0.0717303 0.482507 0.0284873 0.0192403
0 0.553312 0.819872 0.0664339 0.0564985
0 0.780695 0.5026 0.0434021 0.0398959
0 0.577948 0.869975 0.0587732 0.0335221
0 0.585514 0.696851 0.0462463 0.0709805
0 0.4951 0.478836 0.054011 0.0603893
0 0.918365 0.594229 0.0785489 0.115773
0 0.704638 0.126031 0.0813389 0.0398163
0 0.796764 0.740496 0.0557582 0.0802252
0 0.70713 0.338486 0.0238106 0.0276154
0 0.672136 0.131805 0.0434484 0.0381693
0 0.899423 0.617232 0.0576659 0.0772655
0 0.614764 0.370263 0.0506052 0.0522093
