0 0.735785 0.672298 0.0484376 0.0371042
0 0.415661 0.192537 0.0541393 0.0811557
0 0.402787 0.659203 0.0464607 0.0548975
0 0.632632 0.876897 0.0983695 0.0770764
0 0.795 0.764134 0.0226376 0.0248876
0 0.903795 0.896553 0.031774 0.0250081
0 0.910995 0.610584 0.0366207 0.0491309
0 0.34994 0.0407349 0.0294675 0.0301108
0 0.824482 0.709879 0.0463263 0.0473242
0 0.982021 0.81932 0.0289984 0.0252024
0 0.742213 0.82183 0.0378237 0.029864
0 0.326931 0.654014 0.0321846 0.0361927
0 0.39673 0.608228 0.0287114 0.0292794
0 0.181177 0.595717 0.0401032 0.0322471
