0 0.84984 0.508913 0.0402796 0.0456476
0 0.0252239 0.50311 0.0504479 0.0628139
0 0.957668 0.653383 0.0372372 0.0354049
0 0.911068 0.423434 0.034822 0.0765246
0 0.432123 0.903686 0.112655 0.110311
0 0.662715 0.6978 0.0729473 0.0632799
0 0.248881 0.347099 0.070646 0.115766
0 0.328759 0.12341 0.0494745 0.0401418
0 0.804519 0.591779 0.0523478 0.054461
0 0.741466 0.612838 0.0572731 0.0638773
0 0.245411 0.329771 0.0587477 0.0783329
0 0.75341 0.607903 0.0835161 0.0695119
0 0.319671 0.11911 0.0564367 0.0454745
