0 0.314942 0.0880393 0.0704348 0.0761781
0 0.027432 0.522219 0.054864 0.045264
0 0.530535 0.695185 0.0749692 0.0624573
0 0.51334 0.946053 0.0378066 0.0446205
0 0.951675 0.648361 0.0494628 0.0567217
0 0.246264 0.764607 0.0426492 0.0356766
0 0.253821 0.68905 0.0678344 0.0717456
0 0.779007 0.50079 0.121487 0.119081
0 0.84941 0.888256 0.0337765 0.0256851
0 0.165167 0.741396 0.0346541 0.0402005
0 0.788504 0.495594 0.0861611 0.115293
0 0.658561 0.68512 0.0484403 0.0424507
0 0.77224 0.517752 0.135307 0.150686
