0 0.363985 0.95852 0.0443715 0.0487359
0 0.798275 0.6124 0.0482011 0.0379162
0 0.956066 0.656681 0.043381 0.0394119
0 0.457365 0.968311 0.087284 0.0633782
0 0.729134 0.647199 0.0634809 0.0661051
0 0.817523 0.512141 0.144576 0.0953027
0 0.332438 0.124934 0.0342218 0.0394598
0 0.193439 0.148608 0.0404441 0.0478381
0 0.547451 0.811791 0.105277 0.0673079
0 0.949205 0.661494 0.0534446 0.0546148
0 0.525502 0.811685 0.0625019 0.0538294
0 0.572742 0.811578 0.0660038 0.0658138
0 0.153752 0.887607 0.0537386 0.0302632
0 0.278847 0.0536256 0.0378523 0.0474557
