0 0.714015 0.261417 0.0412682 0.0646519
0 0.5283 0.207469 0.0731825 0.0820405
0 0.473827 0.595847 0.0385658 0.041065
0 0.387811 0.615926 0.0369936 0.0639055
0 0.412551 0.221532 0.0364412 0.034995
0 0.424704 0.552102 0.0395955 0.0386684
0 0.778571 0.791414 0.0418894 0.0454464
0 0.629971 0.659734 0.034335 0.0323265
0 0.733318 0.846817 0.0526901 0.0402484
0 0.634636 0.328828 0.0314891 0.0564584
0 0.900152 0.651003 0.0366204 0.0550528
0 0.672906 0.887451 0.0324411 0.0301641
0 0.893061 0.663757 0.0327022 0.0360178
0 0.378806 0.626494 0.0502036 0.0817984
0 0.579129 0.742811 0.0247767 0.0370709
0 0.410925 0.217887 0.0437126 0.0483663
0 0.40163 0.750352 0.0835838 0.0551071
0 0.566265 0.767141 0.0317273 0.0403397
0 0.374578 0.621543 0.0641693 0.0883384
0 0.724317 0.589448 0.0438936 0.0341517
