0 0.838117 0.585444 0.0965588 0.0706267
0 0.738447 0.815316 0.0871785 0.0810335
0 0.534742 0.204969 0.0609457 0.061177
0 0.622643 0.701429 0.065648 0.0593405
0 0.378371 0.633314 0.0338523 0.0408337
0 0.681062 0.669901 0.0341023 0.0402923
0 0.580694 0.907128 0.0689849 0.037647
0 0.918857 0.63567 0.0321226 0.0276196
0 0.386933 0.167726 0.0229231 0.0253169
0 0.344676 0.776655 0.0430245 0.0373914
0 0.318344 0.145732 0.028185 0.0179213
0 0.579175 0.905895 0.0819318 0.0466243
0 0.404095 0.335374 0.0337324 0.0335183
0 0.795994 0.768187 0.0300447 0.0309565
0 0.349769 0.785907 0.0296582 0.0352802
