0 0.747844 0.79699 0.0964277 0.0826036
0 0.841139 0.640188 0.101541 0.09954
0 0.529956 0.212806 0.0614319 0.0581215
0 0.2082 0.46569 0.0913407 0.105802
0 0.590539 0.790039 0.069505 0.0427386
0 0.929257 0.556914 0.0518069 0.0340549
0 0.375873 0.631959 0.0613062 0.0910861
0 0.446067 0.738441 0.0428983 0.0435603
0 0.626567 0.911635 0.0510513 0.0286157
0 0.511108 0.143512 0.0327721 0.0268208
0 0.391862 0.624925 0.0470524 0.0974596
0 0.642686 0.245035 0.0292927 0.0256473
0 0.423844 0.257232 0.0262291 0.0379887
