0 0.097566 0.540656 0.0984704 0.0443758
0 0.705314 0.353176 0.0610025 0.0833264
0 0.653787 0.77847 0.0704098 0.0694848
0 0.252061 0.494539 0.0972111 0.0628164
0 0.332295 0.663329 0.0426564 0.0507941
0 0.750655 0.734685 0.0619389 0.0586811
0 0.391714 0.761117 0.0522048 0.0338297
0 0.675928 0.147032 0.0559192 0.0891131
0 0.726597 0.169313 0.0635448 0.0932222
0 0.147044 0.42619 0.0253651 0.0172399
0 0.638898 0.886747 0.0354338 0.023123
0 0.824482 0.583015 0.144518 0.143383
0 0.87036 0.552849 0.14326 0.0929728
0 0.979092 0.817677 0.0313878 0.0261157
0 0.877442 0.541886 0.127396 0.0778294
0 0.400615 0.753414 0.0667384 0.0474142
0 0.586468 0.874567 0.0378089 0.040841
0 0.701493 0.156419 0.106466 0.106695
