0 0.623075 0.724617 0.070768 0.0874226
0 0.643326 0.203064 0.0198709 0.0179232
0 0.201072 0.578302 0.0312735 0.0304575
0 0.285026 0.505756 0.0301384 0.0262905
0 0.953952 0.557562 0.0353963 0.0384719
0 0.577567 0.509912 0.0245583 0.0243802
0 0.737575 0.821711 0.0269748 0.0292425
0 0.829394 0.71677 0.0522615 0.0451713
0 0.145767 0.416855 0.0398055 0.0295016
0 0.909733 0.894903 0.0291275 0.0212917
0 0.839255 0.707608 0.0488539 0.0516567
0 0.606411 0.882654 0.0653813 0.0321574
0 0.305203 0.709015 0.0452923 0.0596178
0 0.977783 0.817023 0.0403812 0.0297723
0 0.735223 0.133286 0.0243311 0.022324
0 0.393745 0.752966 0.0490001 0.0428488
0 0.657518 0.873719 0.0774596 0.0538718
0 0.374801 0.611966 0.0642842 0.0636339
0 0.632612 0.87679 0.0950792 0.0442685
0 0.383862 0.605204 0.0725852 0.0629647
0 0.796645 0.504935 0.0573672 0.0450306
0 0.38684 0.38832 0.0150234 0.0171177
0 0.650191 0.165121 0.026793 0.0372528
0 0.400709 0.749398 0.0446326 0.0458009
0 0.454214 0.258069 0.0239869 0.0274297
0 0.623793 0.735328 0.0655637 0.0661961
0 0.671924 0.139026 0.0383251 0.0495117
0 0.890021 0.644766 0.0433933 0.0435252
0 0.654437 0.875677 0.0552752 0.043731
0 0.0526421 0.5483 0.0251221 0.0213039
