0 0.0870352 0.598723 0.07387 0.0378144
0 0.843607 0.566797 0.0897406 0.0602136
0 0.082528 0.490192 0.0186 0.0171652
0 0.331489 0.647971 0.0444209 0.0410368
0 0.630325 0.881462 0.0553751 0.0274717
0 0.32615 0.758924 0.0388615 0.0338752
0 0.634476 0.636549 0.0217292 0.0257571
0 0.352817 0.451005 0.0223249 0.0126162
0 0.193615 0.585378 0.0307689 0.0234108
0 0.554726 0.855336 0.0317578 0.0480238
0 0.732176 0.137356 0.0348084 0.0352755
0 0.717603 0.275342 0.0346496 0.0315971
0 0.40897 0.589379 0.0407504 0.0442441
0 0.413956 0.0495017 0.0330658 0.0413435
0 0.262759 0.515294 0.0255073 0.0187464
