0 0.269343 0.325129 0.0750369 0.0789361
0 0.545859 0.824126 0.0682964 0.0860419
0 0.310058 0.736093 0.0661994 0.0494705
0 0.649267 0.759465 0.0645031 0.071718
0 0.825161 0.718716 0.0714417 0.0554911
0 0.705637 0.656137 0.0824094 0.0558215
0 0.840895 0.594456 0.0800154 0.0696101
0 0.92673 0.466064 0.0412388 0.0453399
0 0.870641 0.513582 0.0673885 0.0457517
0 0.813451 0.533067 0.0509157 0.0397931
0 0.3313 0.673926 0.044721 0.0391028
0 0.33154 0.805935 0.0437595 0.0334008
0 0.833735 0.531739 0.0984678 0.0497038
