0 0.510339 0.516891 0.0518365 0.0448133
0 0.603726 0.885843 0.0489941 0.0495088
0 0.977668 0.806138 0.0379395 0.0297958
0 0.448656 0.693971 0.0354174 0.0328057
0 0.413002 0.559637 0.050193 0.0778161
0 0.905047 0.882417 0.0317197 0.0246644
0 0.911359 0.605611 0.055266 0.0675375
0 0.705413 0.832852 0.0222355 0.0222149
0 0.598941 0.676176 0.0257988 0.0296872
0 0.771614 0.766112 0.0397892 0.0590954
0 0.661867 0.863874 0.0468098 0.0390732
0 0.374504 0.745523 0.0634764 0.0338461
0 0.851024 0.672155 0.0417674 0.0482128
0 0.671903 0.132652 0.0214148 0.0357789
0 0.946224 0.495633 0.0333861 0.0417055
0 0.707284 0.119939 0.0503933 0.0295914
0 0.403012 0.56406 0.0580635 0.0829177
0 0.177156 0.572533 0.0545693 0.0251452
0 0.949345 0.519062 0.0376239 0.0472584
0 0.36332 0.747451 0.077874 0.0348837
0 0.197034 0.35897 0.0264397 0.0193952
0 0.63872 0.87539 0.0945592 0.0565567
0 0.800267 0.733721 0.0365541 0.0471931
0 0.134817 0.417461 0.034372 0.037567
0 0.54224 0.804676 0.0336919 0.044331
0 0.723274 0.538909 0.0315955 0.025749
0 0.294585 0.0886906 0.0333649 0.0404265
0 0.818788 0.465295 0.0304232 0.0294397
0 0.8466 0.67375 0.0478055 0.062181
