0 0.365736 0.650221 0.0842381 0.0611594
0 0.395478 0.34003 0.0812467 0.117321
0 0.703547 0.247211 0.0512557 0.0947878
0 0.0798917 0.483802 0.0295483 0.0270185
0 0.878079 0.604918 0.0399474 0.0327592
0 0.846542 0.535138 0.105695 0.110409
0 0.723231 0.171458 0.0328677 0.0235273
0 0.722188 0.686059 0.137036 0.122962
0 0.620783 0.887252 0.0377445 0.0202446
0 0.625112 0.414795 0.0431998 0.0433598
0 0.66484 0.883032 0.0392945 0.0260472
0 0.328491 0.763097 0.0391307 0.0307403
0 0.729766 0.668681 0.117185 0.0962607
0 0.633208 0.888244 0.0480907 0.0235922
