0 0.212339 0.80622 0.0554061 0.0411466
0 0.956624 0.655461 0.0423799 0.0388815
0 0.200299 0.489869 0.0591452 0.0584674
0 0.817163 0.499334 0.0669931 0.0748878
0 0.888405 0.504518 0.046221 0.0550337
0 0.789906 0.592737 0.0484118 0.0506918
0 0.333677 0.124364 0.0370433 0.0352678
0 0.505669 0.847858 0.0379698 0.0423558
0 0.0109308 0.535699 0.0218616 0.0279851
0 0.26987 0.0466565 0.0306379 0.0341453
0 0.712119 0.695666 0.0566123 0.0370514
0 0.348224 0.958285 0.0390567 0.0426424
0 0.229546 0.621778 0.0303283 0.0281005
0 0.146021 0.880382 0.0492364 0.0391886
0 0.780414 0.592938 0.0627542 0.0543714
