0 0.533451 0.202831 0.0731848 0.0668587
0 0.71812 0.675997 0.0962182 0.134022
0 0.596937 0.901775 0.138251 0.0624231
0 0.704478 0.694645 0.0919777 0.107847
0 0.597252 0.7106 0.0374312 0.0530176
0 0.781784 0.783909 0.046193 0.042084
0 0.466068 0.719393 0.0544655 0.0761538
0 0.418304 0.200895 0.0365191 0.0345133
0 0.198467 0.391282 0.0262201 0.0235856
0 0.32101 0.758665 0.0426435 0.0713061
0 0.772221 0.544697 0.0490077 0.0341465
0 0.383687 0.158375 0.0594298 0.0515248
0 0.742121 0.62835 0.0606849 0.0519276
0 0.381333 0.159433 0.0702754 0.063296
0 0.948837 0.596815 0.0302993 0.0360696
0 0.458045 0.723363 0.0592649 0.0782206
0 0.597128 0.401228 0.032052 0.0380503
0 0.372546 0.623215 0.0866544 0.106906
0 0.940076 0.927837 0.0297966 0.0320158
0 0.148727 0.544769 0.0489083 0.0549021
0 0.335014 0.453429 0.0320524 0.0348132
0 0.826481 0.514733 0.027939 0.0332885
0 0.646393 0.286688 0.0204002 0.0570978
0 0.620407 0.461075 0.0357201 0.0310342
0 0.255721 0.285029 0.0331076 0.0274343
0 0.733347 0.574414 0.0311868 0.0295705
0 0.67635 0.431353 0.0265601 0.0306518
0 0.569588 0.538593 0.0252762 0.0208569
0 0.646911 0.265027 0.0242169 0.0618806
0 0.161278 0.549304 0.0740386 0.0624611
0 0.302781 0.140081 0.0548112 0.0328425
0 0.516256 0.475261 0.0759916 0.066021
0 0.916101 0.64734 0.046283 0.0611398
0 0.890388 0.666419 0.0555894 0.0737131
0 0.901747 0.655569 0.0761507 0.0881008
0 0.399708 0.600234 0.0669266 0.0905662
0 0.827363 0.739738 0.024704 0.0280569
0 0.389039 0.618157 0.0602001 0.0968076
0 0.311974 0.144911 0.047716 0.0355614
0 0.301791 0.185067 0.0354509 0.0555019
0 0.699708 0.705466 0.0781907 0.0812287
0 0.502979 0.485428 0.0512087 0.0720811
0 0.732141 0.647562 0.0783244 0.0969379
0 0.63746 0.649137 0.0236034 0.0312729
0 0.789793 0.775261 0.0471685 0.0564144
