0 0.327069 0.719064 0.0632002 0.050301
0 0.741278 0.812656 0.0569708 0.0789526
0 0.666257 0.901947 0.0587957 0.066216
0 0.625821 0.71948 0.0704749 0.104516
0 0.740159 0.591169 0.0638757 0.0511925
0 0.813809 0.514175 0.0467504 0.029687
0 0.829711 0.565205 0.0808896 0.0766772
0 0.92038 0.579601 0.110531 0.131526
0 0.84394 0.567695 0.10611 0.0903312
0 0.335302 0.670159 0.0497693 0.0406225
0 0.910878 0.567329 0.125665 0.100335
0 0.769522 0.715023 0.0504677 0.0493742
0 0.884971 0.582922 0.208172 0.135769
0 0.928724 0.566716 0.087885 0.0993755
0 0.338903 0.665206 0.0499595 0.0396571
