0 0.647504 0.695962 0.0704299 0.0661433
0 0.549624 0.496715 0.0807695 0.104855
0 0.359344 0.288413 0.0404933 0.067206
0 0.977062 0.80205 0.0333577 0.0276301
0 0.228549 0.544928 0.0224066 0.02124
0 0.745596 0.79495 0.0326638 0.0251037
0 0.383538 0.745353 0.0357985 0.025574
0 0.705439 0.834855 0.023206 0.0237113
0 0.545229 0.805696 0.0327857 0.0294535
0 0.381791 0.591196 0.0605139 0.048654
0 0.640184 0.865878 0.0816524 0.0423509
0 0.658151 0.8627 0.0477278 0.0349694
0 0.828228 0.696782 0.0253568 0.0261211
0 0.792136 0.726712 0.0254724 0.0239635
