0 0.341461 0.415702 0.0594003 0.0663085
0 0.819689 0.641681 0.031512 0.0264968
0 0.668217 0.182153 0.0508556 0.0883189
0 0.733017 0.241191 0.0519314 0.104141
0 0.910401 0.609219 0.0486289 0.0505967
0 0.690122 0.742952 0.118332 0.135431
0 0.700844 0.724088 0.0768628 0.100534
0 0.669579 0.196983 0.0611751 0.125569
0 0.736765 0.27075 0.0370048 0.0757654
0 0.734312 0.230687 0.0472003 0.0782017
0 0.659395 0.193786 0.061547 0.130105
0 0.975907 0.817887 0.0398207 0.027662
0 0.674262 0.760677 0.135475 0.132945
