0 0.38628 0.699853 0.0446499 0.0427392
0 0.728979 0.623431 0.0555334 0.0790224
0 0.360451 0.75787 0.042083 0.0258617
0 0.332277 0.0328328 0.034529 0.0341749
0 0.804143 0.551082 0.0273341 0.0349636
0 0.431233 0.5626 0.0448538 0.0619087
0 0.960089 0.508061 0.0364192 0.041514
0 0.91629 0.606744 0.029318 0.0324384
0 0.324686 0.647875 0.0437465 0.0398467
0 0.384219 0.0191723 0.0423605 0.0368022
0 0.911957 0.887808 0.0245519 0.0282141
0 0.873851 0.663117 0.0465142 0.0607737
0 0.16349 0.397605 0.0315429 0.0295794
0 0.616255 0.87973 0.049415 0.0308933
