0 0.228407 0.732645 0.0612106 0.0632684
0 0.134719 0.399485 0.0395256 0.0810749
0 0.773329 0.583437 0.0766193 0.0589201
0 0.312901 0.0898031 0.070531 0.0776845
0 0.253494 0.831122 0.0505128 0.0443015
0 0.806114 0.502569 0.077966 0.0593495
0 0.955876 0.641522 0.0388503 0.0471942
0 0.474331 0.890589 0.0677768 0.0923848
0 0.542373 0.894096 0.0740223 0.0642538
0 0.518803 0.892191 0.124094 0.0841594
0 0.534279 0.889643 0.0885118 0.0787549
0 0.850541 0.889393 0.0445483 0.0250547
0 0.484139 0.892252 0.0937009 0.083673
