0 0.419014 0.23629 0.0175273 0.0231852
0 0.344074 0.799059 0.107723 0.0412019
0 0.262116 0.195337 0.0292347 0.02851
0 0.183473 0.616011 0.0355777 0.0380036
0 0.265121 0.738283 0.0397143 0.0159562
0 0.182049 0.411041 0.0478755 0.0522485
0 0.0859924 0.573799 0.0298621 0.0315607
0 0.908775 0.665879 0.0346451 0.0337582
0 0.309391 0.119488 0.0738761 0.0633844
0 0.325552 0.686707 0.0501708 0.0575531
0 0.476493 0.541794 0.0303772 0.0246381
0 0.351919 0.792207 0.12083 0.0562556
0 0.639646 0.667647 0.0399754 0.0280824
0 0.54701 0.91696 0.0884353 0.0665352
0 0.756151 0.612223 0.0258806 0.0193191
0 0.639107 0.921443 0.0842788 0.047477
0 0.67833 0.621946 0.0371602 0.0307953
0 0.94065 0.917045 0.0393331 0.0445359
0 0.409958 0.173085 0.0309431 0.05122
0 0.676986 0.411952 0.0380464 0.0365468
0 0.392641 0.372107 0.031266 0.0385159
0 0.390885 0.140235 0.0497215 0.0558124
0 0.656349 0.917797 0.0645781 0.038722
0 0.390864 0.778446 0.0566906 0.0453464
0 0.726087 0.586319 0.0428017 0.0327282
0 0.18411 0.410683 0.0599675 0.0610762
0 0.442579 0.743605 0.0324794 0.0344818
0 0.464633 0.0428124 0.0281574 0.0201028
0 0.301742 0.516022 0.0283147 0.0266184
0 0.423607 0.598296 0.0531369 0.0526727
0 0.620167 0.919248 0.0959342 0.0581621
0 0.312065 0.121756 0.0871027 0.0777537
0 0.960146 0.609726 0.0538948 0.0569948
0 0.669684 0.675418 0.0303794 0.0228491
0 0.404848 0.612767 0.0620674 0.0754539
0 0.508869 0.642377 0.0296912 0.0325961
0 0.703073 0.878787 0.028259 0.0288
0 0.5088 0.482214 0.0311464 0.0198464
0 0.39583 0.153751 0.0603909 0.0740055
0 0.412755 0.604847 0.0627465 0.0618634
0 0.55009 0.488544 0.018472 0.017786
0 0.677355 0.400195 0.0535715 0.0627338
0 0.589325 0.361424 0.0271847 0.0225692
0 0.369826 0.647855 0.0373293 0.0375571
0 0.277743 0.140167 0.0551564 0.0703346
0 0.979109 0.592132 0.038538 0.0641451
0 0.11873 0.472995 0.0431501 0.0340742
0 0.289229 0.764845 0.0249788 0.026486
0 0.338918 0.678611 0.0732249 0.0719447
