0 0.410142 0.190629 0.0345851 0.0536061
0 0.497723 0.602594 0.07225 0.109888
0 0.601751 0.688299 0.0378271 0.0628046
0 0.626038 0.883705 0.065484 0.032496
0 0.819445 0.721013 0.0385177 0.0392497
0 0.359822 0.762337 0.034161 0.0255942
0 0.262141 0.524525 0.0282994 0.0285397
0 0.41403 0.741519 0.0303884 0.0280751
0 0.985808 0.450976 0.0242527 0.0172706
0 0.90063 0.635504 0.0306242 0.0323517
0 0.34682 0.636476 0.0438924 0.0399723
0 0.910271 0.620046 0.0290232 0.0345982
0 0.636779 0.204995 0.0218161 0.0308829
