0 0.539258 0.211917 0.0579606 0.069939
0 0.393293 0.705715 0.0595888 0.0531688
0 0.601694 0.711853 0.0375669 0.0264199
0 0.552429 0.763973 0.0475472 0.0646071
0 0.667412 0.902121 0.0445328 0.0296569
0 0.896543 0.669235 0.0488775 0.0549781
0 0.39178 0.169114 0.0586388 0.0596967
0 0.604667 0.403453 0.0427511 0.037661
0 0.669055 0.623851 0.0505066 0.0469774
0 0.419088 0.300193 0.0224832 0.016525
0 0.315446 0.732564 0.0539036 0.0777864
0 0.73061 0.575888 0.0175908 0.0220937
0 0.580704 0.90207 0.0835372 0.046329
0 0.487691 0.139888 0.0352176 0.0212474
0 0.372099 0.630658 0.049625 0.0519733
0 0.93978 0.612254 0.0744255 0.0715605
0 0.423247 0.750513 0.0575963 0.0500643
0 0.568183 0.897176 0.079082 0.0571208
0 0.387834 0.608595 0.0750558 0.0867219
0 0.402919 0.34086 0.0370673 0.0385742
0 0.190156 0.564722 0.0372906 0.0417578
0 0.584924 0.520089 0.0274425 0.0189784
0 0.245662 0.327929 0.0283902 0.0553382
0 0.58901 0.90775 0.0667721 0.0348537
0 0.31864 0.721933 0.0560608 0.0700493
0 0.385477 0.163227 0.072265 0.0756192
0 0.396091 0.597785 0.0742414 0.081471
0 0.95318 0.604104 0.0610068 0.0549333
0 0.130508 0.583879 0.035764 0.0246754
0 0.372494 0.623395 0.0581087 0.0611234
0 0.284833 0.224999 0.0323628 0.0407181
0 0.692159 0.615398 0.0409583 0.0445907
0 0.248284 0.542811 0.0322912 0.0299833
0 0.6649 0.232741 0.0540243 0.05479
