0 0.520268 0.478795 0.0469704 0.0794464
0 0.763027 0.804728 0.0384235 0.0352643
0 0.733093 0.148096 0.0393876 0.036971
0 0.372314 0.422328 0.0296654 0.0209996
0 0.606959 0.878238 0.0546949 0.0315537
0 0.13928 0.425459 0.0331104 0.0279348
0 0.0840551 0.487809 0.0256544 0.027576
0 0.450221 0.712268 0.0301187 0.0278401
0 0.979571 0.816279 0.0314248 0.0300422
0 0.20179 0.57723 0.0334075 0.0299542
0 0.902246 0.884562 0.0306098 0.0342953
0 0.394856 0.602319 0.0482175 0.0403885
0 0.351298 0.63342 0.0452559 0.0430851
0 0.859579 0.677054 0.0348556 0.0327694
0 0.848685 0.693709 0.0398917 0.0349315
0 0.617204 0.670559 0.0237105 0.0412618
0 0.715762 0.833739 0.0348761 0.0348277
0 0.898049 0.458255 0.0246273 0.0232491
0 0.349882 0.151254 0.0363779 0.0368214
0 0.644615 0.207204 0.0317093 0.0611445
0 0.805209 0.736491 0.0400679 0.0462884
