0 0.313068 0.0894197 0.0662777 0.0731614
0 0.0298525 0.498867 0.0597049 0.0588978
0 0.804513 0.503263 0.0582725 0.0775215
0 0.956621 0.641143 0.0349596 0.044616
0 0.197747 0.764213 0.0648579 0.0922668
0 0.738103 0.606445 0.0730286 0.0904561
0 0.496338 0.973455 0.0395684 0.0438462
0 0.372813 0.953569 0.0431345 0.0455883
0 0.628929 0.751702 0.0386319 0.0575144
0 0.869903 0.88824 0.0365908 0.0249722
0 0.63114 0.749414 0.0474228 0.0775001
0 0.225801 0.860197 0.0405574 0.0306746
0 0.658875 0.676684 0.0581906 0.0812554
