0 0.363696 0.124874 0.0453963 0.0835609
0 0.705149 0.352314 0.0440443 0.044582
0 0.414073 0.73517 0.0357031 0.0285091
0 0.723093 0.818123 0.0355992 0.0318499
0 0.607145 0.679531 0.0354288 0.0406611
0 0.914176 0.602036 0.0398941 0.039
0 0.683987 0.858789 0.036225 0.0247967
0 0.98288 0.810135 0.032313 0.0327466
0 0.398812 0.585735 0.048464 0.04571
0 0.587273 0.872386 0.0614095 0.0457555
0 0.509635 0.608692 0.0223424 0.0309165
0 0.331766 0.641139 0.0365356 0.0293281
0 0.601419 0.87652 0.0643137 0.0366334
0 0.40635 0.581622 0.0448935 0.0454046
0 0.951842 0.550539 0.0206172 0.032964
