0 0.50704 0.554458 0.0400817 0.105423
0 0.342248 0.641905 0.035515 0.0390501
0 0.942658 0.57752 0.0312645 0.0222578
0 0.386193 0.760338 0.039202 0.0310755
0 0.328594 0.756446 0.0387155 0.0284448
0 0.257211 0.548935 0.0294452 0.0238292
0 0.61352 0.882888 0.0568796 0.0292556
0 0.953551 0.513842 0.0274684 0.0366066
0 0.820909 0.493746 0.0270393 0.0278713
0 0.698314 0.855509 0.0297862 0.0329708
0 0.647285 0.181028 0.0219088 0.0224606
0 0.891998 0.644746 0.052364 0.0774691
0 0.698133 0.573853 0.0214057 0.0183001
0 0.904721 0.631884 0.0553639 0.0701969
0 0.881257 0.655122 0.0361574 0.0468386
