0 0.348916 0.376154 0.108626 0.0729644
0 0.326144 0.779762 0.0982186 0.0718837
0 0.577809 0.875852 0.0535965 0.0429063
0 0.874076 0.50381 0.0612733 0.0643863
0 0.654358 0.775401 0.215224 0.106516
0 0.784065 0.550371 0.0750241 0.082582
0 0.25923 0.243103 0.0536076 0.125533
0 0.861588 0.512196 0.0832732 0.0862308
0 0.659115 0.763323 0.191768 0.0822897
0 0.82267 0.569713 0.160599 0.123523
0 0.646764 0.927701 0.0373122 0.0240487
0 0.256447 0.253157 0.0434535 0.104781
0 0.819879 0.600002 0.143966 0.108254
0 0.833503 0.600524 0.111095 0.0970283
0 0.705359 0.672074 0.0409908 0.0380962
0 0.619736 0.789963 0.196219 0.114179
0 0.256739 0.225665 0.0564197 0.0964132
