0 0.185475 0.501092 0.0844662 0.0758578
0 0.377396 0.317906 0.0432843 0.0559207
0 0.916731 0.607802 0.0439525 0.0524225
0 0.9794 0.815233 0.0387254 0.0373541
0 0.619726 0.878572 0.109602 0.037113
0 0.538207 0.456258 0.0304255 0.0262655
0 0.908085 0.894039 0.0337802 0.0365357
0 0.394221 0.756289 0.0257108 0.0279833
0 0.814731 0.492684 0.0335138 0.0269843
0 0.413885 0.0514489 0.0653752 0.0639995
0 0.591438 0.70488 0.0459108 0.0571212
0 0.347669 0.756838 0.0598083 0.0346962
0 0.460287 0.699863 0.031718 0.0494454
0 0.686668 0.582851 0.0517553 0.0470076
0 0.440023 0.0751344 0.0293168 0.0432217
0 0.641754 0.241296 0.0274532 0.0250541
0 0.428818 0.0585732 0.0497435 0.0697762
0 0.378685 0.607026 0.0710589 0.0640855
0 0.835805 0.711628 0.0407547 0.0503037
0 0.765069 0.526145 0.0290332 0.036375
0 0.548609 0.836759 0.0341282 0.027872
0 0.640396 0.875493 0.106498 0.0416616
