0 0.737149 0.229844 0.0439725 0.0647652
0 0.22012 0.377416 0.0785659 0.0749044
0 0.766359 0.60993 0.0972184 0.0848098
0 0.615037 0.884296 0.0389028 0.0295203
0 0.91595 0.603656 0.0312964 0.043335
0 0.960194 0.51957 0.0239635 0.0247002
0 0.741526 0.817092 0.0392525 0.0358756
0 0.394789 0.601829 0.0524007 0.0451478
0 0.336952 0.763205 0.0392097 0.0242796
0 0.647071 0.264231 0.0203576 0.0197335
0 0.335694 0.64624 0.0297853 0.0360212
0 0.402872 0.592684 0.0499568 0.0558429
0 0.63104 0.879947 0.0755509 0.0378342
0 0.396808 0.598112 0.0610362 0.0623753
