0 0.954884 0.526272 0.0594382 0.0514143
0 0.830181 0.645136 0.0414973 0.0364621
0 0.395106 0.644535 0.139967 0.120569
0 0.287163 0.76361 0.0622579 0.0670252
0 0.591486 0.819441 0.0794632 0.0766165
0 0.83826 0.532232 0.0355704 0.0339257
0 0.323482 0.278708 0.0470287 0.106487
0 0.690721 0.7291 0.0686144 0.0882976
0 0.529504 0.922191 0.0420465 0.0294329
0 0.405324 0.628048 0.124985 0.0906185
0 0.916421 0.919151 0.0244663 0.0260696
0 0.532217 0.926002 0.051795 0.0365207
0 0.325379 0.264358 0.0403937 0.0770808
