0 0.803159 0.617825 0.0770562 0.0447855
0 0.532043 0.208033 0.0569829 0.0617473
0 0.449 0.712784 0.067256 0.0490487
0 0.691066 0.262486 0.0584563 0.109853
0 0.710384 0.247775 0.0676079 0.0866929
0 0.56635 0.803688 0.0449141 0.04356
0 0.700799 0.259616 0.0831225 0.116638
0 0.355666 0.666791 0.057775 0.072381
0 0.36382 0.773608 0.047189 0.0305365
0 0.398775 0.185571 0.0366478 0.0344199
0 0.825812 0.742582 0.0325232 0.0327659
0 0.361304 0.661546 0.0696927 0.0874262
0 0.426451 0.557487 0.0394561 0.0363274
0 0.373484 0.649725 0.0649321 0.0954336
0 0.337886 0.767474 0.0346251 0.0322865
