0 0.799227 0.556003 0.0762224 0.0525672
0 0.497781 0.512712 0.0363477 0.0340081
0 0.13254 0.388788 0.0343564 0.0287629
0 0.91132 0.865194 0.0280368 0.0230324
0 0.670829 0.838544 0.0612104 0.0434453
0 0.986488 0.791762 0.0240319 0.0293398
0 0.401476 0.559722 0.0374436 0.0436041
0 0.0843224 0.452047 0.0205979 0.0201937
0 0.582492 0.846083 0.0723909 0.0395075
0 0.615953 0.642804 0.0238595 0.0232694
0 0.60202 0.849924 0.0428617 0.033366
0 0.647849 0.172021 0.0228066 0.0578402
0 0.660679 0.678679 0.0281124 0.0396955
0 0.662392 0.84486 0.0470569 0.035259
0 0.664124 0.842485 0.0593989 0.0421407
