0 0.355773 0.42777 0.0514519 0.0851676
0 0.422603 0.30957 0.0254962 0.0474869
0 0.934807 0.635506 0.0329216 0.0353283
0 0.652562 0.277473 0.0296659 0.0479652
0 0.254683 0.256225 0.0287498 0.0521418
0 0.727564 0.85537 0.0539595 0.0574327
0 0.258747 0.252443 0.0266939 0.051501
0 0.426104 0.206645 0.01963 0.0212378
0 0.416034 0.773296 0.0405892 0.0417166
0 0.133863 0.614926 0.0627378 0.048617
0 0.411273 0.604094 0.0883934 0.0798311
0 0.41924 0.159894 0.0308726 0.0397788
0 0.311151 0.691701 0.0463082 0.0536902
0 0.794496 0.769062 0.0364577 0.0246872
0 0.412042 0.319939 0.0348088 0.0661503
0 0.602186 0.927001 0.0688015 0.0359321
0 0.395554 0.121531 0.0490655 0.0477124
0 0.386403 0.6225 0.0768197 0.0687659
0 0.48432 0.550693 0.0250801 0.0228715
0 0.592257 0.92924 0.0551125 0.0372844
0 0.320726 0.683912 0.0454499 0.0549979
0 0.363259 0.795432 0.0443561 0.0347686
0 0.895477 0.683507 0.0261536 0.0315692
0 0.536773 0.914328 0.034524 0.0314183
0 0.323485 0.792468 0.0586801 0.0465384
0 0.326801 0.100184 0.0222591 0.0307857
0 0.426998 0.599506 0.0648612 0.0752735
0 0.48768 0.629855 0.0391397 0.0306392
0 0.316374 0.786133 0.052085 0.0496728
0 0.724096 0.861665 0.0585775 0.0741146
0 0.406079 0.144478 0.0516459 0.0813731
0 0.990267 0.846832 0.0194651 0.0382605
0 0.510983 0.833014 0.0333276 0.0372814
0 0.215163 0.592598 0.0457909 0.0541284
