0 0.683579 0.194966 0.0397491 0.0553737
0 0.399102 0.714355 0.0674701 0.0359476
0 0.717046 0.317145 0.0451958 0.0586884
0 0.691915 0.709621 0.0855349 0.100197
0 0.812361 0.632109 0.120093 0.112118
0 0.902113 0.519872 0.0961831 0.0935533
0 0.554137 0.832513 0.141483 0.139901
0 0.542143 0.815305 0.123456 0.103651
0 0.986549 0.459559 0.0269015 0.0259146
0 0.95845 0.562754 0.0579398 0.0882323
0 0.942526 0.549902 0.0970218 0.12488
0 0.707613 0.745887 0.0676918 0.0677207
0 0.914763 0.528022 0.1226 0.112203
0 0.557449 0.855978 0.134482 0.130522
