0 0.628508 0.677163 0.0447907 0.0467105
0 0.597903 0.38466 0.0788035 0.080862
0 0.228195 0.395757 0.0478814 0.119079
0 0.908591 0.860139 0.0310767 0.0249202
0 0.392271 0.0192611 0.0338846 0.0330676
0 0.226513 0.382077 0.0427489 0.090937
0 0.731286 0.513504 0.02882 0.016657
0 0.801153 0.708539 0.0354123 0.0459399
0 0.604623 0.849776 0.0375036 0.024008
0 0.364091 0.72692 0.0239997 0.021951
0 0.324029 0.62905 0.0386378 0.0300894
0 0.905305 0.857221 0.0350709 0.0289013
0 0.920281 0.572985 0.0287697 0.0276501
0 0.416949 0.711375 0.0241925 0.0245047
0 0.46456 0.659936 0.0288629 0.0345579
0 0.825296 0.679454 0.0383897 0.033088
0 0.40599 0.548033 0.0458031 0.0563451
0 0.399481 0.555087 0.0532513 0.0683954
0 0.465798 0.65714 0.0337371 0.0437083
