0 0.176662 0.406004 0.0976936 0.0642698
0 0.390422 0.613856 0.106743 0.0533624
0 0.33289 0.0903003 0.0539249 0.109514
0 0.908098 0.882601 0.0418557 0.0289917
0 0.333878 0.077367 0.0417972 0.0839106
0 0.822965 0.703612 0.0243192 0.0229163
0 0.735332 0.136107 0.0227828 0.0221156
0 0.901385 0.615592 0.0472107 0.0596058
0 0.546504 0.825665 0.0285184 0.0620351
0 0.90541 0.607981 0.0481173 0.0546491
0 0.397464 0.588763 0.0695783 0.0709293
0 0.869515 0.662747 0.0362771 0.025017
0 0.390602 0.595353 0.0868816 0.0819957
0 0.616178 0.874532 0.105722 0.0413594
