0 0.531336 0.212346 0.0548663 0.0634869
0 0.856677 0.571596 0.075237 0.0435519
0 0.542868 0.502218 0.0742838 0.0676611
0 0.802969 0.635123 0.0648549 0.0574496
0 0.438988 0.696288 0.0951988 0.100808
0 0.442345 0.710809 0.090439 0.0832191
0 0.431568 0.664577 0.0884837 0.0976074
0 0.421036 0.655495 0.0742801 0.0930085
0 0.631364 0.327733 0.0270977 0.0507982
0 0.436055 0.677356 0.102779 0.114932
0 0.42309 0.55269 0.0492593 0.054942
0 0.66773 0.617902 0.0267661 0.0227872
0 0.406621 0.758859 0.0449639 0.0343525
