0 0.957897 0.654109 0.0400894 0.0354686
0 0.597211 0.810955 0.0688084 0.0624716
0 0.48445 0.903472 0.0435746 0.0508411
0 0.787043 0.598629 0.0510716 0.0507832
0 0.72037 0.577473 0.0525649 0.0387459
0 0.646845 0.703245 0.0658662 0.0816338
0 0.47429 0.987657 0.0483712 0.024685
0 0.667966 0.625434 0.061869 0.048933
0 0.331062 0.123622 0.0422063 0.0328518
0 0.295517 0.0734544 0.0423281 0.0447745
0 0.220223 0.7524 0.0312698 0.0439956
0 0.954624 0.656739 0.0451519 0.0466369
0 0.144125 0.832955 0.0282668 0.0263256
0 0.22937 0.620764 0.0314069 0.0257218
