0 0.671465 0.201404 0.0390041 0.0657068
0 0.685438 0.319704 0.0568254 0.0764275
0 0.350775 0.748236 0.0372503 0.0429697
0 0.273534 0.264969 0.0547526 0.0903177
0 0.963078 0.500659 0.0738434 0.0452249
0 0.711822 0.625608 0.0679958 0.0777062
0 0.744297 0.672346 0.0802474 0.0422565
0 0.634883 0.747931 0.0485563 0.0908641
0 0.553642 0.844689 0.120885 0.10197
0 0.625712 0.751749 0.0583119 0.119142
0 0.921795 0.925442 0.0368431 0.0237899
0 0.574728 0.833834 0.127495 0.1096
0 0.555992 0.862734 0.138006 0.150012
