0 0.592238 0.451005 0.0772495 0.114153
0 0.532389 0.212727 0.0539371 0.0632875
0 0.795273 0.77743 0.0348094 0.0333865
0 0.393101 0.176421 0.0546353 0.0334245
0 0.596627 0.910562 0.0495183 0.0332297
0 0.440021 0.745687 0.0402068 0.0373225
0 0.376633 0.634389 0.040773 0.0517102
0 0.315783 0.7447 0.0397875 0.0459626
0 0.626966 0.666145 0.0364962 0.0385709
0 0.371771 0.642906 0.0441451 0.0505199
0 0.435272 0.748434 0.048024 0.044287
0 0.908274 0.641483 0.0449284 0.0498699
0 0.389899 0.620826 0.0270033 0.046653
0 0.354744 0.767238 0.0551121 0.035388
