0 0.252167 0.507817 0.0733042 0.0843453
0 0.65511 0.791978 0.0893302 0.104753
0 0.73819 0.686828 0.104468 0.0971458
0 0.445379 0.566917 0.0945457 0.0707526
0 0.534602 0.211561 0.0546367 0.0590741
0 0.861462 0.704686 0.0407258 0.0423992
0 0.525443 0.180799 0.0421637 0.0501345
0 0.322001 0.715833 0.0523937 0.0365978
0 0.529749 0.196671 0.0556464 0.0792516
0 0.691939 0.608822 0.0375736 0.0294882
0 0.63396 0.298574 0.0228846 0.0417697
0 0.807504 0.764119 0.0298088 0.0257479
0 0.347339 0.771132 0.0417815 0.0293922
0 0.909926 0.63903 0.0382646 0.0635264
