0 0.598514 0.665542 0.0841248 0.0730516
0 0.880036 0.501752 0.0726795 0.0867199
0 0.630047 0.240465 0.037706 0.0399697
0 0.519503 0.806727 0.0330546 0.037169
0 0.359343 0.0890885 0.0553017 0.0635513
0 0.467433 0.949187 0.0950427 0.0855653
0 0.440501 0.886397 0.0956224 0.0556815
0 0.368965 0.093979 0.0493208 0.0529245
0 0.895239 0.881946 0.0468185 0.0231044
0 0.456928 0.925134 0.118892 0.129119
0 0.987755 0.647255 0.0238395 0.0557215
0 0.245592 0.852776 0.0402124 0.0331783
0 0.203064 0.747601 0.0308385 0.0521908
