0 0.625039 0.394778 0.053823 0.0654364
0 0.532517 0.542091 0.0821588 0.0530728
0 0.533642 0.202842 0.0544074 0.0468774
0 0.903352 0.528245 0.0310156 0.0318918
0 0.893158 0.677077 0.028213 0.0277908
0 0.578876 0.730916 0.0468313 0.057374
0 0.730377 0.850283 0.0263271 0.0286642
0 0.593156 0.912305 0.0724304 0.0398154
0 0.935561 0.927436 0.0329068 0.0243871
0 0.786884 0.580993 0.032975 0.0363142
0 0.605799 0.914734 0.0693914 0.0385839
0 0.371723 0.770388 0.0728161 0.0420293
0 0.383013 0.767344 0.0587888 0.0471492
0 0.958651 0.575194 0.0322819 0.0211936
0 0.647174 0.300453 0.0228748 0.0294343
0 0.600246 0.710205 0.0421565 0.0752351
0 0.356197 0.137138 0.0489117 0.0405623
0 0.331685 0.131503 0.0496047 0.0336057
0 0.4295 0.748927 0.0353643 0.0364958
0 0.290051 0.171325 0.0236375 0.0205536
0 0.586149 0.717482 0.0671288 0.0952446
