0 0.647485 0.234481 0.0518317 0.123573
0 0.73723 0.630318 0.081959 0.0739398
0 0.152091 0.423182 0.0717246 0.0460798
0 0.371867 0.582557 0.111248 0.102349
0 0.587056 0.711504 0.0411646 0.0457373
0 0.386047 0.571732 0.0853572 0.0764846
0 0.649711 0.244801 0.0426905 0.0929945
0 0.137558 0.430017 0.068303 0.0382442
0 0.363396 0.603199 0.130592 0.142333
0 0.347751 0.627949 0.0941499 0.086498
0 0.990302 0.771048 0.0181804 0.0271869
0 0.945669 0.490828 0.0322307 0.0309112
0 0.918633 0.850098 0.0295877 0.0227813
