0 0.716762 0.545898 0.0373631 0.0416855
0 0.223757 0.826299 0.0644863 0.0574201
0 0.868418 0.476539 0.0348388 0.0220628
0 0.94956 0.651375 0.0516573 0.0636383
0 0.0569176 0.665376 0.0797427 0.0721266
0 0.312187 0.100075 0.074061 0.0802033
0 0.430171 0.907359 0.0613536 0.0675395
0 0.912903 0.442891 0.0298649 0.0263509
0 0.381148 0.968757 0.095331 0.0583789
0 0.545318 0.715523 0.170716 0.121062
0 0.54731 0.698587 0.151182 0.0963428
0 0.386879 0.962063 0.112704 0.075873
0 0.837324 0.890006 0.0406539 0.0272543
