0 0.357623 0.669536 0.0988683 0.0590285
0 0.917314 0.854447 0.0278382 0.0207486
0 0.372157 0.254255 0.0754437 0.118526
0 0.800676 0.694588 0.026222 0.0321838
0 0.578211 0.455638 0.0716938 0.0919937
0 0.590601 0.833564 0.0369816 0.0227724
0 0.584868 0.445664 0.0713267 0.0827151
0 0.591609 0.437281 0.0546896 0.0668114
0 0.383493 0.555574 0.0326694 0.0230742
0 0.92592 0.551852 0.0201049 0.0174861
0 0.986575 0.775267 0.0255206 0.0271151
0 0.88678 0.599763 0.0195239 0.0249783
0 0.73311 0.774533 0.0230292 0.02953
