0 0.310667 0.0980302 0.0710135 0.0766491
0 0.955598 0.648971 0.0430703 0.04268
0 0.510646 0.905566 0.0651317 0.0864267
0 0.569412 0.741858 0.103907 0.103186
0 0.417015 0.912409 0.0522829 0.0578272
0 0.838136 0.888315 0.0354868 0.0319891
0 0.35059 0.934898 0.0429668 0.068365
0 0.687102 0.651729 0.0895159 0.118791
0 0.567226 0.763304 0.108575 0.146645
0 0.757041 0.593118 0.0615714 0.0749428
0 0.946632 0.655451 0.0565753 0.0593214
0 0.410261 0.915107 0.0619663 0.0667902
0 0.936852 0.670498 0.0364592 0.0306929
