0 0.842698 0.617256 0.0928197 0.0699271
0 0.346212 0.661899 0.0761434 0.0510058
0 0.334961 0.793417 0.1148 0.0691752
0 0.622836 0.695259 0.0327942 0.0373344
0 0.297788 0.11898 0.0493575 0.0458354
0 0.413084 0.199578 0.02338 0.0266639
0 0.326357 0.107582 0.0704398 0.0393102
0 0.965828 0.601306 0.0434495 0.0466007
0 0.764435 0.611533 0.0403135 0.0387769
0 0.19264 0.394787 0.0258963 0.0197503
0 0.608765 0.944194 0.0414114 0.0270095
0 0.41799 0.291797 0.0170445 0.0213691
0 0.581627 0.742077 0.0342999 0.045099
0 0.399466 0.150836 0.0399224 0.0520284
0 0.340559 0.801476 0.110267 0.0481009
0 0.123194 0.477701 0.0350812 0.0511898
