0 0.535326 0.211514 0.0544243 0.0642638
0 0.787261 0.544624 0.0386302 0.0273902
0 0.38004 0.672537 0.0848935 0.0847647
0 0.517081 0.557336 0.0507118 0.061264
0 0.669986 0.353357 0.0407163 0.0469689
0 0.41225 0.573388 0.0411476 0.0534673
0 0.725497 0.849828 0.0315328 0.0316548
0 0.648769 0.904271 0.0656371 0.0393107
0 0.408407 0.5754 0.0474615 0.065006
0 0.883971 0.677134 0.0380695 0.0405127
0 0.601439 0.510675 0.0288768 0.0310383
0 0.520278 0.459003 0.0278971 0.0227984
0 0.583589 0.54202 0.0266562 0.028959
0 0.391978 0.367724 0.0203975 0.0294462
