0 0.349271 0.675515 0.103049 0.108457
0 0.842879 0.604431 0.0874157 0.12488
0 0.394232 0.0754392 0.0364189 0.0471161
0 0.567618 0.839996 0.0644395 0.102363
0 0.841688 0.597063 0.0719028 0.102439
0 0.841116 0.619857 0.082665 0.0866802
0 0.520947 0.939007 0.0640351 0.0808402
0 0.701946 0.625174 0.125691 0.105967
0 0.697523 0.643655 0.162998 0.139487
0 0.691714 0.664231 0.146029 0.119489
0 0.712293 0.606159 0.0812354 0.0779297
0 0.240373 0.73944 0.031796 0.0302919
0 0.946673 0.883613 0.0397505 0.0251513
