0 0.711707 0.649408 0.0954571 0.0940177
0 0.593122 0.422722 0.0526371 0.0551628
0 0.738004 0.566123 0.0294577 0.0359064
0 0.729795 0.51546 0.0213015 0.0240133
0 0.610052 0.851833 0.0424881 0.0242994
0 0.766889 0.766388 0.0248264 0.026229
0 0.987324 0.794271 0.0235697 0.0235465
0 0.145955 0.388039 0.0242308 0.0234201
0 0.435915 0.520477 0.0335641 0.0291865
0 0.922913 0.575995 0.0250586 0.0387964
0 0.895349 0.600221 0.0410197 0.0367343
0 0.913185 0.867942 0.0248525 0.0274599
0 0.545165 0.799519 0.0215514 0.0150871
0 0.792608 0.729146 0.0206604 0.0207663
