0 0.880323 0.57519 0.0881631 0.0516595
0 0.442296 0.726292 0.0547882 0.0621753
0 0.840733 0.68583 0.0609599 0.044399
0 0.53113 0.206185 0.0563397 0.0535012
0 0.769391 0.60414 0.0669162 0.0642046
0 0.597853 0.909888 0.0892508 0.0734546
0 0.762758 0.813024 0.0467131 0.0445064
0 0.723406 0.24381 0.0435516 0.0559381
0 0.410102 0.172465 0.0320648 0.0284365
0 0.633607 0.295983 0.0248277 0.0333516
0 0.385334 0.624592 0.0404817 0.0590014
0 0.52794 0.511493 0.0357661 0.0356328
0 0.403871 0.166206 0.0461773 0.039918
0 0.460948 0.517984 0.0405108 0.0361276
0 0.710141 0.865971 0.0329847 0.0324397
