0 0.722505 0.274424 0.0466428 0.0888024
0 0.853337 0.615102 0.0790198 0.0594901
0 0.529426 0.210989 0.0604725 0.0588694
0 0.574863 0.526047 0.0897356 0.100391
0 0.448258 0.606635 0.112856 0.0975808
0 0.571587 0.792669 0.0678437 0.0617862
0 0.548349 0.427359 0.0302616 0.0302068
0 0.468117 0.702601 0.0741055 0.092689
0 0.745484 0.837772 0.039077 0.0357335
0 0.798662 0.76264 0.0364356 0.0397451
0 0.5766 0.514383 0.0815828 0.0763639
0 0.461612 0.711199 0.0724303 0.0853474
0 0.625346 0.356721 0.0396627 0.0323674
