0 0.140744 0.788905 0.046051 0.0479348
0 0.556893 0.9376 0.0733294 0.0539036
0 0.917293 0.533216 0.0456355 0.0626314
0 0.304754 0.620108 0.0359305 0.0464218
0 0.614762 0.855732 0.0656067 0.0274365
0 0.644958 0.802855 0.0533383 0.0322905
0 0.739393 0.92682 0.0665184 0.0354444
0 0.193862 0.903382 0.0249507 0.036587
0 0.862854 0.15795 0.0396426 0.0425919
0 0.75163 0.212732 0.0366054 0.0548269
0 0.61668 0.807875 0.0456638 0.0335262
0 0.800719 0.827656 0.138924 0.110663
0 0.986804 0.584743 0.0247661 0.0290473
0 0.818002 0.819631 0.108554 0.101226
0 0.457313 0.0110053 0.025344 0.0160105
0 0.829194 0.814108 0.0894563 0.0851943
0 0.708282 0.889611 0.0591296 0.0229483
0 0.773048 0.8503 0.191959 0.0993989
0 0.695066 0.831107 0.0266857 0.0181978
