0 0.364667 0.0237249 0.0738221 0.0455821
0 0.718788 0.212787 0.0716444 0.0597088
0 0.531419 0.375627 0.0760853 0.052487
0 0.0938879 0.325889 0.0429286 0.0745475
0 0.831176 0.820748 0.0379144 0.0629585
0 0.630462 0.306202 0.100597 0.0547756
0 0.973798 0.374431 0.0508795 0.0370244
0 0.337187 0.561606 0.121624 0.101029
0 0.824422 0.183534 0.0444021 0.0288436
0 0.639271 0.367177 0.0246843 0.0371585
0 0.835721 0.806732 0.0404834 0.103579
0 0.802269 0.719265 0.0188713 0.0525045
0 0.887572 0.718956 0.0411341 0.0776906
0 0.342591 0.542342 0.120926 0.0672948
