0 0.141205 0.885577 0.0632763 0.0469007
0 0.650927 0.819327 0.0696604 0.0494065
0 0.213308 0.0789331 0.0392629 0.0617905
0 0.354733 0.0306494 0.0667727 0.0504616
0 0.513602 0.979886 0.0374563 0.0402279
0 0.771533 0.900348 0.0449724 0.033633
0 0.210324 0.796641 0.0316518 0.0280328
0 0.309763 0.609418 0.120919 0.129699
0 0.946485 0.544484 0.0271192 0.0328506
0 0.633413 0.971469 0.0537653 0.0412235
0 0.317427 0.593509 0.120032 0.11643
0 0.278894 0.679728 0.0552401 0.0746433
0 0.28386 0.661509 0.0658549 0.108602
0 0.1463 0.879449 0.0567833 0.0505992
