0 0.296398 0.679209 0.0469107 0.0414023
0 0.66543 0.95587 0.0431027 0.0221334
0 0.0978042 0.318443 0.050319 0.0710349
0 0.613488 0.319468 0.0810424 0.0587972
0 0.689588 0.840273 0.0530118 0.0530882
0 0.302052 0.572845 0.0640225 0.0769975
0 0.613355 0.8727 0.0466285 0.0335648
0 0.207003 0.820997 0.0548942 0.062706
0 0.539728 0.893489 0.0400989 0.0304825
0 0.358305 0.633438 0.0289206 0.0220085
0 0.903967 0.59787 0.0639338 0.0554602
0 0.955799 0.613875 0.0725948 0.0719609
0 0.697718 0.260228 0.0573249 0.0706158
0 0.85436 0.725247 0.0259798 0.0405986
0 0.166194 0.860253 0.0249419 0.017601
0 0.67658 0.252247 0.0487597 0.077852
0 0.922753 0.60924 0.107964 0.0786362
