0 0.524116 0.884531 0.0813675 0.071275
0 0.747842 0.759708 0.0546992 0.0708197
0 0.840974 0.149257 0.0457305 0.0439128
0 0.418378 0.419762 0.0325525 0.0364741
0 0.807954 0.651572 0.0533568 0.0563371
0 0.054445 0.444158 0.0245655 0.0421388
0 0.0956048 0.82978 0.0372644 0.0442343
0 0.657254 0.86857 0.0336432 0.0249557
0 0.724809 0.924126 0.0335267 0.0200787
0 0.711586 0.282993 0.0415164 0.0412476
0 0.946512 0.561125 0.0223962 0.0435582
0 0.985584 0.641353 0.0264649 0.0251498
0 0.0849353 0.866186 0.0260326 0.0367327
