0 0.351806 0.027247 0.0539814 0.0387343
0 0.761871 0.758407 0.0602069 0.0429714
0 0.508974 0.899336 0.0559701 0.0539106
0 0.160007 0.769606 0.0509804 0.0669498
0 0.13704 0.218283 0.0333789 0.0607158
0 0.682882 0.818824 0.0389278 0.0234703
0 0.775055 0.692884 0.060801 0.0611334
0 0.642151 0.249121 0.06945 0.0523623
0 0.401332 0.458376 0.0265214 0.0421
0 0.884341 0.67888 0.0377469 0.0552943
0 0.78226 0.68645 0.0721326 0.0671465
0 0.685936 0.940134 0.0397835 0.0301089
0 0.489003 0.965472 0.030377 0.0309761
