0 0.266896 0.0420281 0.04367 0.0454177
0 0.503349 0.426258 0.0738894 0.0614178
0 0.763398 0.845346 0.0404887 0.0403134
0 0.442471 0.501657 0.0639808 0.0354773
0 0.793813 0.145967 0.0326481 0.020449
0 0.712456 0.753679 0.0349569 0.104728
0 0.662139 0.887845 0.0417387 0.0253335
0 0.715018 0.741139 0.0427446 0.111217
0 0.617679 0.397453 0.0295218 0.0413804
0 0.941113 0.679169 0.0274401 0.0330054
0 0.706477 0.775869 0.0221412 0.0574888
0 0.985299 0.69865 0.0265815 0.031152
0 0.657155 0.88948 0.0359623 0.0237796
