0 0.105845 0.306687 0.0591747 0.0753865
0 0.369156 0.0278619 0.0727457 0.0523126
0 0.107491 0.839982 0.0378522 0.0522399
0 0.946392 0.522236 0.0569365 0.0733316
0 0.559272 0.896147 0.0708253 0.0594106
0 0.423131 0.521643 0.100189 0.082265
0 0.50947 0.356223 0.0563469 0.0628278
0 0.813588 0.672338 0.108854 0.101229
0 0.916154 0.630265 0.0490339 0.031736
0 0.693315 0.26813 0.0433221 0.041146
0 0.820137 0.654483 0.0991788 0.0810614
0 0.343498 0.687287 0.0489936 0.0631728
0 0.33489 0.689245 0.0527565 0.0664912
0 0.800737 0.68053 0.0821259 0.0789897
