0 0.348949 0.0310512 0.0634269 0.0421272
0 0.334009 0.623219 0.042064 0.0607517
0 0.645632 0.267903 0.0550306 0.0277915
0 0.935137 0.664195 0.0502677 0.0283954
0 0.750373 0.916997 0.0584711 0.0444611
0 0.776035 0.734868 0.0656805 0.0547042
0 0.599143 0.884677 0.074536 0.0300053
0 0.612461 0.884055 0.0996356 0.0321687
0 0.875168 0.597543 0.0455258 0.049432
0 0.929657 0.505941 0.0255413 0.0388377
0 0.811247 0.148563 0.0483682 0.0228724
0 0.0427959 0.494189 0.0187058 0.0384091
0 0.930638 0.500526 0.0272357 0.0531332
0 0.929623 0.604867 0.0396414 0.0441291
