0 0.831097 0.637653 0.0344121 0.0451465
0 0.565208 0.953875 0.0793543 0.0487677
0 0.124909 0.264788 0.0568124 0.0847235
0 0.552374 0.436917 0.0445751 0.0667254
0 0.809289 0.764101 0.0591916 0.0309951
0 0.691915 0.900903 0.0814018 0.0295253
0 0.924446 0.739482 0.0347595 0.0389254
0 0.473701 0.976298 0.0462754 0.0474037
0 0.694438 0.280772 0.0462594 0.0350733
0 0.847911 0.830415 0.0381854 0.0496752
0 0.233642 0.636973 0.0279448 0.0270572
0 0.529141 0.887714 0.039279 0.0525908
0 0.457886 0.0134645 0.0262781 0.0202395
0 0.673385 0.82038 0.0822093 0.024544
