0 0.133787 0.859183 0.0493627 0.0466608
0 0.845733 0.804578 0.0359943 0.0487021
0 0.774975 0.7346 0.0403454 0.0247445
0 0.417948 0.509544 0.0382812 0.0374985
0 0.588837 0.411449 0.0347699 0.0471523
0 0.547524 0.878811 0.0765492 0.0744929
0 0.60427 0.928424 0.0888522 0.0476731
0 0.826966 0.206703 0.0590301 0.0357404
0 0.749091 0.92255 0.0411069 0.0218332
0 0.579023 0.861106 0.0784836 0.0452689
0 0.564201 0.87354 0.106558 0.0675821
0 0.708489 0.88154 0.0777899 0.0215034
0 0.973136 0.553825 0.0320334 0.0229962
0 0.927913 0.634637 0.0242586 0.0161971
