0 0.697554 0.785889 0.0388894 0.0313528
0 0.81959 0.837238 0.0740918 0.0715907
0 0.489071 0.507982 0.0503848 0.0512708
0 0.483504 0.950405 0.104472 0.0991908
0 0.78185 0.162398 0.0584099 0.0690458
0 0.499461 0.0180489 0.0385434 0.0174262
0 0.903781 0.703274 0.0311475 0.0405343
0 0.972093 0.633907 0.0490323 0.0623934
0 0.816109 0.192509 0.0371785 0.0315991
0 0.192784 0.291109 0.0274231 0.0244014
0 0.854834 0.697753 0.0284505 0.0287155
0 0.568227 0.876449 0.0731229 0.0334392
0 0.845984 0.136508 0.0351241 0.0258704
