0 0.254132 0.160867 0.0334656 0.052932
0 0.318753 0.0122043 0.0441694 0.0244086
0 0.0982217 0.291168 0.0474391 0.0506114
0 0.237761 0.696496 0.0474458 0.0657737
0 0.557285 0.923978 0.0643256 0.0549885
0 0.19641 0.790197 0.0482929 0.0793849
0 0.183277 0.919074 0.0273447 0.0483038
0 0.194124 0.82215 0.0532097 0.0782797
0 0.193419 0.804253 0.0629292 0.107502
0 0.539324 0.964146 0.116351 0.0684117
0 0.541188 0.949481 0.119003 0.0998015
0 0.195309 0.834264 0.0535304 0.0571045
0 0.545237 0.936631 0.0923032 0.0759556
0 0.456237 0.968063 0.0192558 0.0603187
