0 0.502079 0.917047 0.0527724 0.0448689
0 0.277845 0.0283473 0.0462999 0.0499939
0 0.80258 0.141816 0.0607061 0.0335032
0 0.279241 0.161605 0.0515157 0.0376255
0 0.5144 0.426424 0.0662224 0.0584818
0 0.766701 0.844606 0.0348043 0.0394704
0 0.982019 0.48312 0.0279319 0.0443032
0 0.729959 0.721503 0.0565538 0.0948031
0 0.121308 0.945503 0.027701 0.0390207
0 0.125471 0.84812 0.0340637 0.0318674
0 0.627132 0.38379 0.0344796 0.0399042
0 0.648705 0.892765 0.0342736 0.0210205
0 0.286925 0.586992 0.0227457 0.0233983
