0 0.14266 0.371804 0.0327075 0.054525
0 0.258777 0.0396579 0.069299 0.0793158
0 0.632874 0.774991 0.028384 0.0274186
0 0.235118 0.733147 0.0205946 0.0780196
0 0.343654 0.0317074 0.0599351 0.0456256
0 0.679386 0.890172 0.0862482 0.0171018
0 0.964424 0.683598 0.0278453 0.0339715
0 0.300301 0.59593 0.0411531 0.0680943
0 0.68716 0.886247 0.0747244 0.0146623
0 0.414882 0.517156 0.0359083 0.0437641
0 0.701892 0.930696 0.059226 0.0371017
0 0.664299 0.892657 0.0652541 0.0206848
0 0.856116 0.663776 0.0305429 0.0233605
