0 0.337324 0.0316777 0.0714554 0.0533441
0 0.648872 0.294265 0.0508933 0.0313044
0 0.157848 0.198753 0.0496429 0.0662227
0 0.492444 0.969362 0.050585 0.0560699
0 0.189564 0.891713 0.0502561 0.0970529
0 0.192244 0.89972 0.0389064 0.0745404
0 0.989136 0.732776 0.021729 0.0287392
0 0.179398 0.884888 0.0631465 0.108662
0 0.16773 0.874859 0.0539582 0.102147
0 0.733898 0.947079 0.0306916 0.0200238
0 0.589606 0.00909306 0.033242 0.0181861
0 0.164104 0.853906 0.0397569 0.0668182
0 0.51103 0.0173638 0.0240678 0.0182655
