0 0.611199 0.963923 0.0776081 0.0610049
0 0.677103 0.806411 0.0430921 0.0297639
0 0.16929 0.790498 0.0417118 0.0676455
0 0.768862 0.165388 0.0220485 0.0494009
0 0.595447 0.26791 0.0847869 0.0899813
0 0.775629 0.863284 0.0352869 0.0485039
0 0.857627 0.690648 0.0374739 0.031642
0 0.825043 0.733283 0.0321603 0.0288631
0 0.79226 0.225731 0.0500178 0.0365439
0 0.613329 0.258155 0.12597 0.120263
0 0.167914 0.421863 0.019531 0.0343179
0 0.934885 0.691969 0.0299703 0.0304029
0 0.493268 0.0200064 0.0274467 0.0191803
0 0.687849 0.201071 0.0600084 0.058343
0 0.586816 0.856315 0.0273372 0.0262945
0 0.772355 0.159566 0.0310342 0.0585274
