0 0.159618 0.851784 0.0401714 0.0558524
0 0.603728 0.834015 0.0495806 0.0562687
0 0.232663 0.186133 0.041561 0.0452482
0 0.567243 0.930935 0.0574844 0.0212407
0 0.194678 0.0829774 0.0728758 0.140095
0 0.0604372 0.315419 0.0337 0.080593
0 0.116109 0.338738 0.0291466 0.0331595
0 0.261762 0.0553085 0.0592691 0.0669643
0 0.216994 0.0492714 0.0889227 0.0827143
0 0.253503 0.0564565 0.0747407 0.0772792
0 0.863964 0.7892 0.0341272 0.0193305
0 0.679735 0.97303 0.0305269 0.0290968
0 0.214381 0.0649778 0.100954 0.111443
0 0.186485 0.0981415 0.0605634 0.110278
