0 0.916064 0.567483 0.0568358 0.0506974
0 0.526717 0.894415 0.0543463 0.0492647
0 0.326914 0.606183 0.0641981 0.0403601
0 0.353226 0.0292784 0.073392 0.0514671
0 0.6551 0.882072 0.0826914 0.0340767
0 0.195495 0.740108 0.0371733 0.0456083
0 0.83865 0.662008 0.0496566 0.0972099
0 0.465554 0.471324 0.0647904 0.048172
0 0.706556 0.295318 0.0280042 0.0388508
0 0.212849 0.860977 0.0279809 0.0442741
0 0.259448 0.679127 0.0389632 0.0997858
0 0.732604 0.150291 0.0299261 0.0267947
0 0.261396 0.684551 0.0308217 0.0880868
0 0.840573 0.634624 0.0400038 0.0548455
0 0.836716 0.676114 0.0441375 0.0709772
0 0.179881 0.808403 0.0252099 0.0314815
