0 0.647695 0.778513 0.0479164 0.0342798
0 0.662633 0.204209 0.0542643 0.0371434
0 0.470429 0.952927 0.0730503 0.0821736
0 0.753282 0.888377 0.052277 0.0347438
0 0.489818 0.0179171 0.0433097 0.0202093
0 0.942441 0.654531 0.0409205 0.0558228
0 0.77387 0.201758 0.0238317 0.0685021
0 0.766602 0.765675 0.0877814 0.0445101
0 0.83173 0.818812 0.0350665 0.0542712
0 0.106829 0.347871 0.0248963 0.0406389
0 0.959297 0.516258 0.0266243 0.0318232
0 0.833332 0.800551 0.0315441 0.0706286
0 0.821555 0.728458 0.0444095 0.0387359
