0 0.651605 0.868053 0.0534499 0.0385435
0 0.486481 0.477692 0.0582135 0.0537449
0 0.138282 0.845109 0.0278957 0.0563574
0 0.683882 0.794038 0.053926 0.0699856
0 0.561517 0.90087 0.0550327 0.0548669
0 0.948465 0.458511 0.0207713 0.0565684
0 0.552427 0.894365 0.0701244 0.0621419
0 0.968481 0.523589 0.0378075 0.0587119
0 0.959151 0.685758 0.0290728 0.0352432
0 0.956152 0.475526 0.0293479 0.0772465
0 0.645391 0.956577 0.0367063 0.0411115
0 0.767748 0.720619 0.0384269 0.0459375
0 0.733419 0.803095 0.0317607 0.0544863
0 0.569982 0.875072 0.0516225 0.0528576
0 0.643468 0.872613 0.0650284 0.0452566
0 0.660188 0.9364 0.0412607 0.0359848
0 0.895103 0.743378 0.0230513 0.0284179
