0 0.523985 0.895775 0.043573 0.0423248
0 0.709136 0.291126 0.0313406 0.0397877
0 0.351787 0.03164 0.0751817 0.0539283
0 0.658887 0.881576 0.0813243 0.0348243
0 0.15206 0.829844 0.117481 0.0973642
0 0.858378 0.633832 0.067018 0.100405
0 0.159932 0.819587 0.103902 0.0876449
0 0.300736 0.621265 0.0355362 0.0311394
0 0.26946 0.692859 0.0494662 0.0858049
0 0.914778 0.576585 0.0712793 0.0540364
0 0.883589 0.61414 0.120007 0.126735
0 0.906065 0.592055 0.0878251 0.0849065
0 0.200849 0.709172 0.038735 0.0685203
0 0.27738 0.690687 0.0508178 0.0854572
0 0.957798 0.638788 0.0339503 0.0318989
