0 0.14875 0.876826 0.0474867 0.0451738
0 0.2189 0.0738017 0.0583278 0.0777782
0 0.673458 0.287435 0.0555871 0.0435755
0 0.357405 0.0282111 0.0682613 0.0500921
0 0.676515 0.804513 0.0676093 0.0530974
0 0.983223 0.390506 0.0318804 0.0249031
0 0.513809 0.981839 0.0340855 0.0363228
0 0.713705 0.924867 0.0963033 0.0434586
0 0.668306 0.229867 0.0484049 0.0296528
0 0.601559 0.984987 0.0311069 0.0258462
0 0.244915 0.696103 0.0289707 0.0621274
0 0.736945 0.897545 0.0556302 0.0329399
0 0.380796 0.616747 0.110106 0.106219
0 0.396481 0.585318 0.114661 0.129134
0 0.425445 0.569554 0.0600497 0.0930111
0 0.57606 0.898473 0.0322231 0.0316908
