0 0.86762 0.647792 0.049505 0.0533414
0 0.110728 0.312096 0.0505571 0.0465813
0 0.106848 0.928385 0.0634449 0.0263672
0 0.660887 0.250658 0.0519214 0.0425756
0 0.339889 0.031561 0.0835171 0.0615922
0 0.937702 0.693339 0.0525345 0.0616691
0 0.323326 0.631913 0.0491588 0.0446401
0 0.151493 0.867129 0.0715611 0.0720189
0 0.260369 0.154067 0.020772 0.04933
0 0.603298 0.831943 0.026202 0.0259311
0 0.629437 0.956905 0.0367459 0.0123158
0 0.134308 0.258415 0.0232829 0.0351492
0 0.276768 0.665648 0.0257642 0.0419104
0 0.183537 0.861569 0.0567922 0.0794107
0 0.602569 0.255726 0.0428237 0.0482746
0 0.608908 0.252054 0.0443156 0.0430665
