0 0.1227 0.245105 0.0585184 0.0815498
0 0.198471 0.162163 0.0539605 0.0751026
0 0.236917 0.790759 0.0438772 0.0439558
0 0.613621 0.885179 0.0479202 0.062345
0 0.112766 0.383288 0.0407658 0.0700719
0 0.402348 0.547408 0.0313112 0.0430896
0 0.0587045 0.417901 0.0321665 0.0506974
0 0.125947 0.913292 0.0736899 0.0219654
0 0.876887 0.614066 0.0382044 0.0600181
0 0.775935 0.776891 0.0627861 0.0535371
0 0.309586 0.0102339 0.0378991 0.0204677
0 0.68111 0.816861 0.035079 0.0315225
0 0.68418 0.23856 0.0374424 0.0531388
0 0.758292 0.729663 0.0725529 0.0407171
0 0.981039 0.580211 0.0345528 0.0588679
0 0.975887 0.607438 0.040406 0.0630028
0 0.764011 0.738601 0.0784769 0.0701964
