0 0.168407 0.859967 0.0414937 0.0499295
0 0.866879 0.809493 0.0472969 0.0625374
0 0.0810291 0.444713 0.0198042 0.0785487
0 0.120798 0.915697 0.0278484 0.0462768
0 0.642045 0.978756 0.0413028 0.0424888
0 0.919211 0.61473 0.0333195 0.0281951
0 0.611626 0.920176 0.0684252 0.0331882
0 0.628763 0.884837 0.0714481 0.0149183
0 0.171922 0.922654 0.021225 0.0495062
0 0.794561 0.670785 0.0923827 0.0950391
0 0.651814 0.262576 0.0324385 0.0317361
0 0.920756 0.723895 0.034268 0.0634351
0 0.84057 0.200266 0.0382531 0.0412472
0 0.620452 0.884658 0.0832261 0.0197998
0 0.796929 0.676644 0.0828985 0.0741203
0 0.926381 0.722591 0.0368172 0.0566281
