0 0.335013 0.0332798 0.0710497 0.0528153
0 0.520881 0.947555 0.0477642 0.0333003
0 0.645442 0.279037 0.036315 0.0494078
0 0.486867 0.908178 0.0442537 0.045172
0 0.114141 0.409038 0.0385102 0.0698833
0 0.92957 0.533509 0.0413005 0.0405421
0 0.545554 0.979105 0.0405201 0.036499
0 0.118868 0.395246 0.0487742 0.0996376
0 0.0462271 0.360234 0.023221 0.0572382
0 0.598835 0.915514 0.0389068 0.0187795
0 0.727494 0.908416 0.0658963 0.034622
0 0.828459 0.858751 0.0345376 0.0366914
0 0.145272 0.363284 0.048828 0.0897694
