0 0.0521869 0.483878 0.0359626 0.0524695
0 0.723217 0.163146 0.0431327 0.0426386
0 0.0396852 0.388209 0.0416866 0.0543542
0 0.398054 0.535444 0.0500572 0.0509579
0 0.14998 0.826805 0.0466084 0.0539107
0 0.379692 0.609554 0.067591 0.069571
0 0.984906 0.428508 0.0295687 0.0468424
0 0.352844 0.0307256 0.068922 0.0542293
0 0.647393 0.835965 0.0427237 0.0216955
0 0.183751 0.72214 0.0327561 0.0612268
0 0.646252 0.258143 0.0696716 0.0522021
0 0.744415 0.846397 0.0554812 0.0443054
0 0.750241 0.84279 0.0487412 0.0382822
0 0.716152 0.860366 0.0366111 0.034421
0 0.990462 0.617927 0.0190768 0.0266821
