0 0.139434 0.887935 0.062415 0.0435984
0 0.354182 0.03215 0.0728468 0.0543856
0 0.261868 0.654378 0.0670647 0.0642626
0 0.418624 0.545529 0.0658893 0.0440071
0 0.663854 0.812287 0.0653796 0.0512089
0 0.216444 0.0754783 0.0449621 0.063886
0 0.177456 0.755339 0.0447827 0.0670307
0 0.107243 0.851003 0.0282391 0.0417486
0 0.514226 0.978464 0.0385318 0.0415494
0 0.370194 0.610954 0.0871658 0.0598824
0 0.966564 0.521181 0.037101 0.0539715
0 0.421102 0.492053 0.0344375 0.0301651
0 0.148799 0.952329 0.0220345 0.0318872
0 0.54639 0.919042 0.0311868 0.0300099
0 0.363601 0.618643 0.0811517 0.0722225
0 0.496478 0.429969 0.0421478 0.0182311
0 0.74732 0.910584 0.0488081 0.028811
0 0.20816 0.791362 0.0306275 0.0283847
0 0.357232 0.626858 0.0651196 0.0644655
0 0.752953 0.908011 0.0586305 0.0329067
