0 0.349101 0.0304606 0.0672138 0.0463871
0 0.487733 0.43286 0.0825117 0.0367158
0 0.153654 0.184702 0.0368834 0.0577495
0 0.118693 0.914361 0.0349922 0.0307621
0 0.129615 0.841432 0.0372383 0.0551753
0 0.720171 0.255025 0.0651628 0.0666461
0 0.815759 0.777114 0.0444293 0.0834529
0 0.194068 0.816505 0.0507555 0.0602894
0 0.665147 0.862012 0.0506549 0.016468
0 0.975704 0.508396 0.0455141 0.0635769
0 0.982149 0.590373 0.0343369 0.0406892
0 0.482966 0.947461 0.0273122 0.0209906
0 0.977614 0.592791 0.0364698 0.0435373
0 0.711068 0.729284 0.0228872 0.0149617
