0 0.805717 0.724364 0.0775278 0.0444428
0 0.723768 0.880511 0.0743687 0.0396225
0 0.0844356 0.368181 0.0470466 0.0664948
0 0.589646 0.938777 0.0882993 0.0504017
0 0.663569 0.821244 0.085444 0.0391828
0 0.983114 0.623695 0.0317156 0.0378058
0 0.455091 0.013085 0.0310029 0.0179966
0 0.735869 0.826052 0.0598875 0.0390036
0 0.700231 0.93946 0.0717937 0.0463709
0 0.607623 0.939665 0.119452 0.0481515
0 0.714077 0.933325 0.0619975 0.0360781
0 0.863398 0.154902 0.0342932 0.0518711
0 0.691299 0.944827 0.0619646 0.0458045
0 0.69316 0.821927 0.144477 0.0453982
