0 0.735517 0.26475 0.059956 0.0547674
0 0.271721 0.770804 0.0369321 0.0338227
0 0.491707 0.410219 0.0569728 0.0837256
0 0.202259 0.279399 0.0462086 0.0781714
0 0.893633 0.762214 0.0335319 0.0149822
0 0.676007 0.937216 0.0828378 0.0672181
0 0.930038 0.696787 0.056785 0.0732912
0 0.866355 0.7244 0.0311373 0.0305561
0 0.857287 0.693584 0.044593 0.0401133
0 0.544171 0.913339 0.056355 0.0253315
0 0.56687 0.972632 0.0301276 0.0296495
0 0.55055 0.309415 0.0215595 0.0303107
0 0.12189 0.447154 0.0287532 0.0491893
0 0.538221 0.918833 0.0691833 0.0351887
