0 0.0983511 0.465082 0.0454108 0.0558622
0 0.147206 0.85178 0.0419968 0.0523795
0 0.585705 0.416854 0.0772769 0.0684832
0 0.921919 0.590328 0.0551679 0.0448439
0 0.101549 0.897677 0.0408456 0.0310686
0 0.733055 0.73439 0.0368366 0.0890678
0 0.492773 0.977165 0.0534186 0.043981
0 0.631971 0.878337 0.0622315 0.065172
0 0.658642 0.979881 0.0415659 0.0319887
0 0.83873 0.789828 0.0382643 0.0675305
0 0.208696 0.216401 0.0347852 0.0558149
0 0.603285 0.959285 0.0295341 0.0351462
0 0.728442 0.74124 0.0342808 0.0764617
0 0.834723 0.782285 0.0436791 0.077965
