0 0.182506 0.851046 0.0344294 0.0321127
0 0.46619 0.971551 0.0515711 0.0529056
0 0.138969 0.919986 0.0242809 0.0340743
0 0.761993 0.684031 0.0333087 0.039773
0 0.0622783 0.411064 0.0365403 0.0763577
0 0.788417 0.739731 0.0965708 0.0439823
0 0.548407 0.899665 0.0449932 0.0238599
0 0.235678 0.794119 0.0278248 0.0282605
0 0.505174 0.0194937 0.0361789 0.0163964
0 0.804616 0.738604 0.064976 0.0371673
0 0.794213 0.163876 0.068884 0.0698113
0 0.219564 0.254864 0.0427833 0.0962695
0 0.725953 0.182864 0.0244622 0.0576883
0 0.67838 0.976912 0.0243132 0.0243897
0 0.225392 0.246086 0.0525265 0.10922
0 0.214513 0.274371 0.0345721 0.0509011
0 0.85447 0.69182 0.0273092 0.0291371
