0 0.296037 0.607612 0.0414794 0.0437131
0 0.230464 0.0644195 0.0674987 0.0872088
0 0.423786 0.538951 0.0655345 0.0749567
0 0.947448 0.630419 0.036371 0.0446372
0 0.547336 0.892448 0.0312192 0.0262287
0 0.162013 0.851666 0.027266 0.0320833
0 0.495747 0.478729 0.0393877 0.0639056
0 0.79069 0.213994 0.0915908 0.0522591
0 0.896555 0.601304 0.0343451 0.0381925
0 0.630241 0.952573 0.0312778 0.0223048
0 0.610974 0.835631 0.0222172 0.0238523
0 0.336462 0.00967586 0.0267816 0.0193517
0 0.749655 0.859992 0.037654 0.0692723
0 0.695769 0.206144 0.0448699 0.0208903
0 0.959294 0.568674 0.0499427 0.0381746
0 0.950962 0.627186 0.0399874 0.0545373
