0 0.623864 0.304013 0.0710483 0.0751222
0 0.531515 0.405116 0.0597954 0.0597997
0 0.481085 0.495263 0.0486041 0.0375422
0 0.900456 0.691924 0.0607126 0.0695431
0 0.690437 0.223314 0.058954 0.0569225
0 0.671929 0.903495 0.0773703 0.0416014
0 0.119212 0.816319 0.0270279 0.0507631
0 0.957051 0.522261 0.0473295 0.0771742
0 0.622385 0.959585 0.0498151 0.0363536
0 0.689885 0.775379 0.0354114 0.0246062
0 0.518445 0.981887 0.0341918 0.0362256
0 0.986925 0.654992 0.0244087 0.0455332
0 0.171565 0.785187 0.0261502 0.0472815
0 0.73959 0.703462 0.0214748 0.0213346
