0 0.108156 0.242663 0.0529861 0.05897
0 0.611251 0.363394 0.0661292 0.0442683
0 0.348445 0.0319447 0.0726684 0.0518362
0 0.430756 0.516267 0.0673428 0.059683
0 0.965514 0.60403 0.0588632 0.0413761
0 0.985151 0.476019 0.0291924 0.0528365
0 0.606615 0.833442 0.0373967 0.0206206
0 0.750331 0.768537 0.0438285 0.0255302
0 0.296623 0.698519 0.0300817 0.0409787
0 0.787022 0.816679 0.0377421 0.0353132
0 0.12587 0.858984 0.0417193 0.0853176
0 0.553119 0.953621 0.028507 0.0231228
0 0.658447 0.81724 0.0431708 0.0261847
0 0.151047 0.872937 0.0623345 0.0776405
0 0.141465 0.865796 0.0741501 0.0987463
0 0.143926 0.876206 0.0620699 0.0924129
