0 0.245797 0.0377342 0.0745059 0.0644643
0 0.379576 0.590047 0.0578227 0.0604863
0 0.542653 0.403734 0.0280826 0.0403191
0 0.943086 0.550125 0.0391431 0.0392613
0 0.529771 0.90812 0.065766 0.0619919
0 0.609687 0.853699 0.024523 0.0236177
0 0.669043 0.803879 0.0484945 0.0451128
0 0.81723 0.720412 0.0296472 0.0633543
0 0.566439 0.953075 0.114036 0.0764474
0 0.982645 0.492312 0.0297656 0.0440823
0 0.376348 0.0772946 0.0351226 0.0258657
0 0.577904 0.948667 0.0886908 0.0694048
0 0.546611 0.919192 0.0986981 0.0810922
0 0.344503 0.00928837 0.0344647 0.0185767
0 0.570872 0.941344 0.107302 0.0820115
0 0.547078 0.967703 0.0953572 0.0635121
0 0.663531 0.855557 0.0248573 0.0161881
