0 0.576322 0.919671 0.0456405 0.0405369
0 0.772551 0.888611 0.0729296 0.0521041
0 0.366969 0.0253942 0.0736547 0.0492653
0 0.704783 0.226867 0.064878 0.0725518
0 0.136495 0.893926 0.0225825 0.0390213
0 0.600801 0.299167 0.106369 0.0571817
0 0.0941406 0.324113 0.0389036 0.0787008
0 0.819913 0.190252 0.0608668 0.0301917
0 0.851285 0.768794 0.0229254 0.0384514
0 0.380827 0.569075 0.082979 0.0499911
0 0.805351 0.715157 0.0246663 0.064729
0 0.622905 0.227836 0.0317619 0.0306635
0 0.652969 0.857879 0.030812 0.0233099
0 0.637659 0.368883 0.018091 0.0340695
0 0.0349493 0.408627 0.0276087 0.0450721
