0 0.141992 0.897338 0.0438429 0.0322993
0 0.0657543 0.432993 0.0414442 0.0363951
0 0.820408 0.163462 0.0401887 0.0633495
0 0.630394 0.820983 0.045366 0.0312908
0 0.79079 0.723375 0.0723846 0.0494254
0 0.604762 0.871355 0.0465264 0.0333501
0 0.9871 0.547194 0.0243089 0.0452197
0 0.139088 0.801027 0.0657149 0.0764368
0 0.136955 0.250969 0.036758 0.0785325
0 0.187322 0.836359 0.0417633 0.0563328
0 0.199981 0.728869 0.0268809 0.0321944
0 0.179288 0.816352 0.0597312 0.0907128
0 0.183271 0.837169 0.0461185 0.0726495
0 0.961068 0.741185 0.0271748 0.0390663
0 0.553535 0.981509 0.0250077 0.0346625
