0 0.522909 0.894888 0.0775961 0.061446
0 0.835564 0.668279 0.0359817 0.0451038
0 0.336706 0.0305139 0.0791061 0.059668
0 0.246279 0.0507231 0.0322042 0.0554561
0 0.303701 0.541359 0.0414325 0.062264
0 0.113545 0.452809 0.0306752 0.0350204
0 0.40771 0.516419 0.0479265 0.0617739
0 0.977362 0.583419 0.0429335 0.0406227
0 0.145445 0.894708 0.0414771 0.0533478
0 0.849728 0.810176 0.0379941 0.0645859
0 0.945919 0.660195 0.0282657 0.0563854
0 0.510659 0.0190186 0.0333813 0.0263636
0 0.607525 0.965959 0.0382537 0.0397409
0 0.138492 0.859454 0.0222994 0.0356512
0 0.101695 0.893337 0.0318086 0.0537996
