0 0.553394 0.981135 0.0479461 0.0377293
0 0.263172 0.186337 0.057336 0.0652698
0 0.758002 0.147104 0.037986 0.0408319
0 0.59397 0.890668 0.0871334 0.055624
0 0.822631 0.788218 0.0321254 0.0488517
0 0.828486 0.733324 0.045687 0.0318834
0 0.697345 0.307044 0.0944417 0.107146
0 0.647788 0.956419 0.0459712 0.0191872
0 0.702229 0.20082 0.038857 0.0226728
0 0.684449 0.310979 0.0755939 0.0949306
0 0.648982 0.809303 0.0337479 0.0310498
0 0.85272 0.691761 0.0294788 0.0309093
0 0.95577 0.544184 0.0182977 0.0406072
0 0.718329 0.28639 0.0734358 0.0730155
0 0.514214 0.911794 0.0314103 0.0408214
0 0.765002 0.853116 0.021665 0.0294714
0 0.706918 0.296728 0.0941883 0.092111
