0 0.300791 0.602564 0.0440008 0.0531168
0 0.912862 0.577425 0.036103 0.0453744
0 0.658499 0.836986 0.062537 0.0376961
0 0.529136 0.924665 0.0382237 0.0364106
0 0.673408 0.335995 0.0456262 0.0395716
0 0.460878 0.528833 0.0442323 0.05039
0 0.345498 0.0288522 0.0507018 0.0359148
0 0.618743 0.884723 0.0910441 0.0336827
0 0.520173 0.424878 0.0285633 0.0476573
0 0.533076 0.0168974 0.0370021 0.0218199
0 0.0332685 0.477063 0.0293828 0.0667444
0 0.990104 0.520162 0.0182544 0.0329528
0 0.0289187 0.475665 0.0358152 0.0743128
