0 0.563928 0.865676 0.0667322 0.03736
0 0.351885 0.0312846 0.070939 0.0553496
0 0.138005 0.917109 0.0589106 0.083943
0 0.565627 0.928647 0.0473337 0.0423701
0 0.681096 0.778621 0.0494978 0.0467088
0 0.751892 0.932328 0.0675386 0.0316666
0 0.350367 0.650759 0.0660875 0.0845454
0 0.372802 0.524422 0.036859 0.0387433
0 0.406061 0.576638 0.0435177 0.0230334
0 0.272061 0.683938 0.0201733 0.0556922
0 0.27131 0.674006 0.0203027 0.0748836
0 0.337483 0.644528 0.0978988 0.107179
0 0.132049 0.9255 0.0461313 0.0665205
0 0.313972 0.599568 0.0846572 0.0592484
0 0.324917 0.625081 0.109586 0.107421
