0 0.948539 0.453326 0.0346267 0.0247421
0 0.275595 0.637235 0.0588654 0.052691
0 0.360663 0.0271585 0.0697069 0.0489394
0 0.647144 0.829489 0.0733237 0.0413873
0 0.628894 0.279993 0.0564021 0.0337517
0 0.204362 0.790194 0.0395579 0.0713212
0 0.284987 0.704469 0.0293086 0.0232491
0 0.148679 0.866244 0.0324411 0.0397483
0 0.526737 0.398214 0.0542109 0.0476704
0 0.444779 0.495971 0.0929664 0.0926893
0 0.534523 0.418097 0.0396181 0.0448977
0 0.292481 0.566049 0.0441639 0.0389807
0 0.0703829 0.383741 0.0198424 0.0613211
0 0.46018 0.487377 0.0826519 0.0872703
0 0.977021 0.630392 0.0316033 0.028322
0 0.340605 0.568519 0.0485309 0.0489322
0 0.385182 0.589738 0.051693 0.0356866
0 0.439113 0.502274 0.0768303 0.0768502
0 0.468399 0.479653 0.068064 0.0697291
0 0.525286 0.407593 0.0589291 0.0607362
0 0.883893 0.725777 0.0190738 0.0324879
0 0.379667 0.5933 0.0593927 0.0357804
0 0.345531 0.569768 0.0481614 0.05984
