0 0.346314 0.0379824 0.0727445 0.0463715
0 0.568997 0.879727 0.0446711 0.0323085
0 0.742712 0.895872 0.101515 0.0622268
0 0.912878 0.540899 0.0459352 0.0514262
0 0.0288374 0.384419 0.0403309 0.0881066
0 0.204177 0.735893 0.0590363 0.0529908
0 0.45822 0.428439 0.0537195 0.0829567
0 0.131421 0.862757 0.050609 0.044709
0 0.45417 0.432087 0.0454503 0.068193
0 0.121831 0.863671 0.0661593 0.0444801
0 0.817182 0.757106 0.0625968 0.0938898
0 0.77278 0.742849 0.0625004 0.0623243
0 0.179278 0.836416 0.0361003 0.0328048
0 0.292831 0.678011 0.0207541 0.0641557
0 0.78073 0.751825 0.0766547 0.0890126
0 0.223625 0.750916 0.0589123 0.0402336
0 0.816085 0.767425 0.0513639 0.074041
0 0.805508 0.755558 0.0723839 0.0944099
