0 0.520123 0.878009 0.037982 0.0444705
0 0.547951 0.967519 0.0783243 0.0594254
0 0.091829 0.844074 0.0341243 0.0586388
0 0.77151 0.16427 0.058699 0.0431315
0 0.22528 0.0645979 0.0361621 0.0462176
0 0.755916 0.827797 0.059011 0.0496283
0 0.830619 0.760581 0.0513353 0.0471516
0 0.144549 0.441357 0.0315351 0.0273988
0 0.659115 0.914553 0.0827398 0.0255321
0 0.45643 0.012931 0.0274805 0.0221521
0 0.943138 0.626181 0.0300901 0.0414871
0 0.859727 0.781954 0.0238602 0.0576237
0 0.836149 0.769444 0.065356 0.0719204
