0 0.549473 0.861815 0.0415813 0.034615
0 0.341671 0.0279049 0.0666779 0.0487386
0 0.50225 0.962128 0.0621924 0.0676826
0 0.173001 0.139727 0.0472889 0.0767313
0 0.742264 0.892542 0.0655689 0.0357924
0 0.144771 0.218644 0.0330457 0.0386232
0 0.718094 0.175721 0.0556842 0.0231246
0 0.132062 0.881635 0.0608509 0.0761658
0 0.190016 0.803423 0.0454099 0.0521233
0 0.48744 0.443639 0.0167773 0.0559821
0 0.940997 0.687106 0.0332696 0.0558887
0 0.137808 0.876033 0.0786804 0.0957646
0 0.725858 0.733243 0.0260592 0.0293813
0 0.738323 0.943107 0.0367849 0.0229354
0 0.98914 0.732997 0.0205038 0.0266695
0 0.15138 0.870637 0.0837725 0.112167
