0 0.0976184 0.379045 0.0354471 0.0511169
0 0.545694 0.848571 0.053961 0.0470648
0 0.784392 0.734749 0.0414578 0.0396082
0 0.0957207 0.257348 0.0457799 0.0665087
0 0.541179 0.916723 0.041573 0.0491582
0 0.715879 0.777071 0.0520259 0.0365119
0 0.186669 0.136178 0.0595029 0.105901
0 0.85302 0.646202 0.0257121 0.0365117
0 0.781144 0.863858 0.0631298 0.114926
0 0.797468 0.845565 0.0694737 0.0901566
0 0.769529 0.872464 0.044822 0.0876758
0 0.80052 0.832699 0.0641774 0.067826
0 0.18274 0.122803 0.0612624 0.0850303
0 0.186243 0.145974 0.0482555 0.0753099
