0 0.161653 0.889358 0.0591683 0.0662603
0 0.387331 0.456072 0.0436314 0.0258673
0 0.887169 0.707394 0.0264057 0.0593481
0 0.784278 0.842483 0.0733335 0.0502565
0 0.341784 0.0311051 0.0601041 0.0462196
0 0.145492 0.372071 0.0314484 0.0638971
0 0.31773 0.571742 0.0385902 0.069176
0 0.680655 0.948417 0.0624139 0.0534589
0 0.164736 0.820764 0.0225136 0.0374072
0 0.978202 0.610934 0.0404818 0.0601804
0 0.325482 0.563365 0.0421019 0.0897408
0 0.832976 0.701719 0.0368383 0.019504
0 0.9627 0.612637 0.0626154 0.0671662
0 0.692609 0.942078 0.0813293 0.0704105
