0 0.309473 0.575458 0.0350168 0.0500056
0 0.383844 0.502456 0.0603552 0.0764976
0 0.0792996 0.406752 0.0323192 0.0492707
0 0.853514 0.608948 0.0558212 0.0383706
0 0.62112 0.926852 0.0788245 0.0222228
0 0.341503 0.0114049 0.0378314 0.0228097
0 0.555127 0.888424 0.0659769 0.026057
0 0.415162 0.580425 0.0365827 0.0346808
0 0.154929 0.884185 0.0335142 0.0345019
0 0.815701 0.822857 0.045473 0.0836619
0 0.542039 0.978149 0.0644462 0.0436418
0 0.672705 0.796808 0.0471404 0.0443974
0 0.656726 0.853794 0.0419202 0.0279974
0 0.72623 0.249494 0.0491824 0.0388942
0 0.795175 0.705183 0.0396502 0.058239
0 0.750879 0.805101 0.0638676 0.0593162
0 0.811171 0.832611 0.0410922 0.0739028
0 0.472633 0.95501 0.0301458 0.066664
0 0.709963 0.211596 0.0307771 0.0215456
