0 0.845503 0.622245 0.0799057 0.0581982
0 0.613527 0.872336 0.0664117 0.0539837
0 0.717645 0.194633 0.0414275 0.0432177
0 0.329655 0.577507 0.107226 0.110435
0 0.953881 0.644658 0.0479274 0.0709581
0 0.264933 0.168208 0.0357056 0.0533408
0 0.286947 0.687832 0.0421939 0.0503509
0 0.618694 0.256018 0.0270317 0.0267043
0 0.825262 0.751458 0.033183 0.0333326
0 0.723029 0.8975 0.0451912 0.0387335
0 0.578101 0.975529 0.026557 0.045518
0 0.716648 0.899487 0.0414271 0.0379033
0 0.757803 0.912114 0.0455561 0.0238587
