0 0.382982 0.460363 0.0606307 0.044708
0 0.32228 0.578203 0.0378656 0.0533481
0 0.342899 0.0290618 0.0562609 0.0412471
0 0.672145 0.956039 0.0667551 0.0655507
0 0.817395 0.816973 0.0549464 0.0625937
0 0.144791 0.374193 0.0225189 0.0552745
0 0.987894 0.519704 0.0242113 0.0383945
0 0.701407 0.871942 0.0526453 0.0358567
0 0.985864 0.430016 0.0271802 0.0358469
0 0.82007 0.711098 0.0450536 0.0214416
0 0.152317 0.887935 0.0318909 0.0735281
0 0.879501 0.720676 0.0244663 0.040813
0 0.812224 0.714793 0.0616257 0.0289311
