0 0.353088 0.532091 0.0570843 0.0601405
0 0.701656 0.891741 0.0573032 0.0388608
0 0.300499 0.718576 0.0443869 0.0569725
0 0.705102 0.745044 0.0507989 0.059921
0 0.673309 0.828194 0.0330616 0.0312517
0 0.855392 0.760108 0.0540748 0.0523109
0 0.558893 0.971609 0.0411785 0.0527399
0 0.476798 0.511824 0.0621891 0.071893
0 0.785671 0.153132 0.0621507 0.0343078
0 0.795809 0.174197 0.0593042 0.0600784
0 0.52052 0.442489 0.047029 0.0284011
0 0.99013 0.412072 0.0195282 0.0596598
0 0.945679 0.669287 0.024864 0.0306907
0 0.428379 0.0384016 0.0340164 0.0280793
0 0.790022 0.167529 0.0708871 0.0622808
0 0.627417 0.380995 0.0338991 0.0430502
