0 0.471297 0.4392 0.0361661 0.0469139
0 0.756375 0.14727 0.0361699 0.0437568
0 0.148861 0.921054 0.0224627 0.0449671
0 0.554862 0.979405 0.0505407 0.041191
0 0.702497 0.305793 0.100175 0.107702
0 0.848319 0.690606 0.035385 0.0321122
0 0.635442 0.819587 0.0485034 0.0343441
0 0.569658 0.896071 0.100242 0.0479743
0 0.843584 0.762704 0.0593545 0.0849644
0 0.693334 0.765485 0.0653058 0.0640552
0 0.244322 0.209302 0.0493038 0.0849454
0 0.687879 0.310775 0.0741618 0.09143
0 0.548365 0.918129 0.111265 0.0568308
0 0.71328 0.290809 0.09329 0.0872471
0 0.757904 0.862855 0.0201862 0.0255554
