0 0.366592 0.0226014 0.0696658 0.0433022
0 0.826262 0.835441 0.037046 0.0529716
0 0.971878 0.370974 0.0534369 0.0308723
0 0.174113 0.889218 0.0314746 0.0358799
0 0.0935847 0.326859 0.0457092 0.083625
0 0.432838 0.534953 0.0680587 0.0455992
0 0.624516 0.317215 0.0799377 0.0791242
0 0.855373 0.759608 0.0363705 0.0586536
0 0.167914 0.865132 0.0291731 0.0392454
0 0.325232 0.543608 0.0623949 0.0528793
0 0.256424 0.653034 0.0257915 0.0388244
0 0.33384 0.55377 0.0619736 0.0463313
0 0.633201 0.333787 0.0507853 0.0754412
0 0.615899 0.330769 0.0589025 0.0788299
