0 0.583979 0.891993 0.102279 0.0527093
0 0.521041 0.0141032 0.0643919 0.0280188
0 0.257524 0.150964 0.038669 0.0298769
0 0.248822 0.0693456 0.0518983 0.0616619
0 0.77035 0.690355 0.0648162 0.0365396
0 0.183687 0.147801 0.044027 0.0502489
0 0.359721 0.0227235 0.062601 0.045447
0 0.066112 0.431539 0.0344841 0.0506544
0 0.145503 0.788499 0.0496978 0.0520766
0 0.0476251 0.43143 0.0487708 0.0555371
0 0.203942 0.796529 0.0449884 0.0382574
0 0.18624 0.173491 0.0378336 0.0763773
0 0.802381 0.638032 0.0215454 0.0165138
0 0.156168 0.786353 0.0650913 0.0529771
0 0.186334 0.183033 0.0337076 0.0508442
