0 0.344163 0.562286 0.0701047 0.0668025
0 0.339419 0.0275894 0.0628966 0.0432008
0 0.03956 0.466281 0.0430086 0.0348461
0 0.558892 0.866643 0.0897689 0.0475535
0 0.941028 0.592906 0.05181 0.0371261
0 0.508234 0.88725 0.0465791 0.0415154
0 0.2339 0.705966 0.0860863 0.0888581
0 0.227112 0.717511 0.0981795 0.104764
0 0.33329 0.0328518 0.0610495 0.0532473
0 0.214098 0.736212 0.0839379 0.133328
0 0.693509 0.794471 0.0306139 0.0270735
0 0.543425 0.875955 0.108137 0.0633304
0 0.35273 0.0718322 0.0255728 0.0247999
