0 0.174509 0.936436 0.0545997 0.064383
0 0.36389 0.025249 0.0745311 0.046942
0 0.581941 0.917 0.048502 0.0423894
0 0.104224 0.362492 0.0343821 0.0472739
0 0.139251 0.180471 0.0314388 0.0431346
0 0.932824 0.607423 0.0417751 0.0518348
0 0.839183 0.735662 0.0342489 0.0576851
0 0.147191 0.846439 0.0447859 0.0536619
0 0.401316 0.492777 0.0349628 0.0438786
0 0.68441 0.973602 0.0454005 0.0357707
0 0.676243 0.229043 0.0423081 0.0356988
0 0.154379 0.842776 0.0499279 0.0537541
0 0.439614 0.525236 0.0333849 0.0388184
0 0.513848 0.935196 0.0406628 0.0703223
0 0.405877 0.491822 0.0452186 0.0543436
