0 0.23929 0.0742462 0.0450298 0.0407082
0 0.0409255 0.480925 0.02512 0.0587144
0 0.141189 0.326245 0.0235065 0.0510594
0 0.17953 0.107903 0.0266299 0.0477791
0 0.137378 0.857091 0.0207278 0.0571148
0 0.730727 0.778658 0.0520895 0.0337132
0 0.864877 0.636337 0.0638406 0.0792829
0 0.198427 0.886785 0.0315797 0.0457981
0 0.636292 0.87168 0.0429282 0.0344071
0 0.443508 0.489356 0.0465155 0.0438139
0 0.541811 0.971935 0.0383228 0.0468031
0 0.754802 0.229821 0.0334837 0.0207724
0 0.903327 0.770762 0.027951 0.0344884
0 0.859044 0.643007 0.054549 0.0746994
