0 0.330315 0.635428 0.0510749 0.0343026
0 0.753195 0.741325 0.0431778 0.0419538
0 0.359036 0.0279622 0.0706652 0.0510308
0 0.178227 0.132747 0.0524968 0.0772857
0 0.510639 0.440834 0.110084 0.0846795
0 0.672864 0.23805 0.0604994 0.0666102
0 0.526942 0.91943 0.0700234 0.0657389
0 0.885683 0.801328 0.0674276 0.0506463
0 0.152395 0.873646 0.038133 0.045995
0 0.602491 0.974648 0.0494173 0.0422916
0 0.972818 0.455725 0.0516145 0.0711198
0 0.365656 0.571564 0.0295128 0.0510652
0 0.830979 0.796058 0.0244486 0.0452497
0 0.327551 0.575332 0.0391943 0.0436567
0 0.921878 0.690007 0.0264559 0.0320308
0 0.213741 0.758843 0.046868 0.0750023
0 0.267548 0.747715 0.0435244 0.0610634
0 0.964819 0.447277 0.05496 0.0542852
0 0.360182 0.569502 0.0304524 0.057824
