0 0.534951 0.911799 0.0785744 0.0609795
0 0.360237 0.0277207 0.0767829 0.0523655
0 0.967858 0.411461 0.0493023 0.0310565
0 0.389652 0.618856 0.0405604 0.036798
0 0.666402 0.824593 0.0461502 0.0283285
0 0.60055 0.290266 0.0604265 0.075786
0 0.0365261 0.352768 0.052638 0.0832795
0 0.429212 0.531304 0.0862039 0.0895123
0 0.507472 0.432507 0.092618 0.0717424
0 0.125193 0.942032 0.0349278 0.0509863
0 0.424566 0.543253 0.0754511 0.0652993
0 0.175994 0.742823 0.0226431 0.0414853
0 0.153138 0.866882 0.0334478 0.0412666
0 0.194674 0.887171 0.0209411 0.0271373
