0 0.905089 0.728338 0.0638592 0.0653226
0 0.665232 0.792966 0.072577 0.0472063
0 0.0330426 0.384242 0.0481554 0.0712705
0 0.592523 0.916521 0.0652467 0.0426438
0 0.623482 0.855203 0.0553088 0.034725
0 0.55533 0.0084971 0.0480853 0.0169942
0 0.861087 0.159668 0.0355327 0.0524071
0 0.760303 0.912692 0.0275035 0.0221083
0 0.809936 0.827436 0.0862272 0.0736518
0 0.900966 0.555403 0.0258684 0.0460789
0 0.986246 0.590551 0.0274137 0.0417888
0 0.760116 0.19403 0.0347869 0.0698136
0 0.458477 0.0098568 0.0245498 0.0173677
0 0.770663 0.834962 0.156294 0.0799404
0 0.694161 0.822897 0.0306191 0.0270381
0 0.731386 0.884939 0.0517455 0.0249168
