0 0.607195 0.385793 0.0504756 0.0503778
0 0.314272 0.0676459 0.0680295 0.078775
0 0.943845 0.770093 0.0390003 0.0457954
0 0.621267 0.801425 0.0856919 0.0561759
0 0.740726 0.728782 0.0676093 0.067884
0 0.579767 0.873227 0.0393577 0.0392327
0 0.966073 0.643296 0.0630538 0.0630938
0 0.51884 0.971612 0.0404712 0.049597
0 0.115755 0.866089 0.0556481 0.0300901
0 0.775346 0.160453 0.035967 0.0574831
0 0.828316 0.748228 0.0559775 0.0454867
0 0.161104 0.88182 0.0286403 0.0323811
0 0.834717 0.742331 0.0647494 0.0526377
0 0.119058 0.869241 0.0644999 0.0374813
0 0.926659 0.583616 0.0242181 0.0280182
0 0.777418 0.874231 0.0405133 0.0565312
0 0.989435 0.519283 0.0190561 0.0348166
