0 0.369967 0.0274693 0.0728061 0.0506821
0 0.106209 0.306573 0.0606618 0.0775005
0 0.782544 0.691774 0.060287 0.073261
0 0.52771 0.920531 0.0645182 0.0584431
0 0.629785 0.959698 0.0379808 0.0277658
0 0.922122 0.538887 0.092241 0.10019
0 0.858782 0.632006 0.063637 0.0532463
0 0.436673 0.529865 0.116994 0.109752
0 0.456405 0.523306 0.0842578 0.0975537
0 0.245685 0.648668 0.0275883 0.0425404
0 0.535436 0.915663 0.0690751 0.0638844
0 0.459588 0.398199 0.036695 0.0369049
0 0.467743 0.51282 0.0694262 0.0735867
0 0.556347 0.0128028 0.0254827 0.020856
0 0.860589 0.142045 0.0260086 0.0323408
