0 0.356842 0.510409 0.0564978 0.0438695
0 0.354945 0.0301528 0.0724077 0.0513841
0 0.679148 0.785435 0.0486422 0.0585194
0 0.570484 0.877949 0.0856175 0.0670366
0 0.113722 0.365189 0.0567567 0.0669966
0 0.806445 0.875656 0.0478883 0.0488341
0 0.791521 0.199178 0.0596845 0.0282236
0 0.17304 0.131184 0.0270489 0.0533333
0 0.149361 0.859427 0.0442924 0.0761619
0 0.791645 0.691814 0.022995 0.0331585
0 0.329929 0.670039 0.0466139 0.0528331
0 0.936135 0.503064 0.0312674 0.0300689
0 0.626033 0.959212 0.0361974 0.0366608
0 0.370312 0.639226 0.0414269 0.0713091
0 0.140655 0.868881 0.0313355 0.0700905
0 0.374918 0.631017 0.0354451 0.0574496
