0 0.888124 0.812494 0.0633634 0.0571566
0 0.148829 0.893216 0.0288081 0.0500121
0 0.341586 0.0241514 0.0712249 0.0483028
0 0.476136 0.430677 0.0843484 0.104375
0 0.205519 0.114935 0.0501124 0.0622595
0 0.561851 0.0119899 0.0407578 0.0223232
0 0.726524 0.947124 0.0581994 0.0267963
0 0.519944 0.905105 0.0389298 0.0505691
0 0.554076 0.921248 0.0459127 0.0287689
0 0.989891 0.733187 0.0187484 0.0306783
0 0.769657 0.899128 0.0498297 0.0253078
0 0.150444 0.743159 0.0266381 0.0327965
0 0.492105 0.417128 0.0738721 0.0874296
0 0.558569 0.921701 0.0414444 0.0227698
