0 0.105563 0.872394 0.0504355 0.0592029
0 0.744874 0.238326 0.0709 0.0434827
0 0.351301 0.626594 0.0787109 0.0598546
0 0.194897 0.85275 0.0213107 0.0439985
0 0.93312 0.537237 0.033694 0.028861
0 0.78686 0.739273 0.0466893 0.0403678
0 0.56971 0.949281 0.0793672 0.0587397
0 0.669701 0.857451 0.0378336 0.0289085
0 0.341814 0.0101445 0.0371231 0.020289
0 0.734373 0.171296 0.0240974 0.0252036
0 0.784379 0.882144 0.0399292 0.0411575
0 0.858019 0.172996 0.0321586 0.0427878
0 0.746106 0.801064 0.0511297 0.0201869
