0 0.5877 0.93205 0.0788679 0.0545127
0 0.337918 0.0330158 0.0674565 0.0508525
0 0.140879 0.216361 0.0309777 0.0647888
0 0.148326 0.350293 0.0327378 0.0596811
0 0.210562 0.0981091 0.052438 0.0793884
0 0.823315 0.835958 0.0381796 0.0368345
0 0.804705 0.88904 0.0306652 0.0257922
0 0.968539 0.508065 0.0417187 0.0677402
0 0.704919 0.938138 0.0605975 0.0368431
0 0.245454 0.684629 0.0289586 0.0349615
0 0.879558 0.698709 0.0577292 0.0461245
0 0.886334 0.703368 0.0663228 0.0542446
0 0.169493 0.848676 0.0220453 0.0326214
