0 0.185785 0.108776 0.0392145 0.0570362
0 0.797866 0.682992 0.0669199 0.0634973
0 0.170029 0.877042 0.0459281 0.0427767
0 0.0939823 0.325902 0.0704728 0.0773826
0 0.112287 0.888873 0.0324628 0.0493658
0 0.342528 0.0109277 0.0364126 0.0218554
0 0.634882 0.92837 0.0976026 0.0248364
0 0.740066 0.775212 0.0290582 0.0262246
0 0.715225 0.873587 0.0586669 0.0323653
0 0.750275 0.222099 0.108242 0.087182
0 0.948856 0.556953 0.0354834 0.0425556
0 0.232751 0.0569717 0.0257905 0.0300764
0 0.762575 0.212233 0.0913944 0.0711864
0 0.737485 0.237304 0.0812659 0.0625854
0 0.0866725 0.331587 0.0548894 0.083905
0 0.54443 0.988408 0.0444541 0.0231835
0 0.944729 0.560743 0.0399332 0.0388649
0 0.928987 0.549671 0.0350822 0.0406361
0 0.712901 0.220426 0.0450838 0.0443937
