0 0.191954 0.376819 0.0451355 0.0558301
0 0.140381 0.827924 0.0436006 0.0605377
0 0.922136 0.587642 0.0599005 0.048777
0 0.795456 0.911699 0.0744452 0.0573609
0 0.492432 0.945406 0.0579063 0.0768256
0 0.944672 0.483251 0.0301361 0.0378256
0 0.684635 0.795392 0.0726612 0.089092
0 0.580325 0.909615 0.0840505 0.0690184
0 0.68228 0.802601 0.0607525 0.0728791
0 0.689782 0.771124 0.0598376 0.0814996
0 0.446442 0.558098 0.028299 0.0520887
0 0.605529 0.946692 0.0285604 0.0360253
0 0.6904 0.761136 0.0529212 0.0556163
0 0.373325 0.583985 0.0315949 0.036938
0 0.28967 0.132903 0.0227664 0.0358277
0 0.634813 0.98217 0.0326923 0.0259796
