0 0.116585 0.883395 0.0374721 0.0437583
0 0.616419 0.871927 0.0807563 0.0516495
0 0.714308 0.73466 0.0375865 0.0236695
0 0.940885 0.541813 0.0380149 0.04053
0 0.774173 0.174896 0.0562624 0.0776908
0 0.920637 0.734233 0.0442152 0.0332792
0 0.743285 0.915125 0.0815548 0.056504
0 0.519579 0.927866 0.0613347 0.0359406
0 0.494288 0.0171303 0.03172 0.0184304
0 0.836848 0.775894 0.0396421 0.0741061
0 0.723066 0.780981 0.0322335 0.045661
0 0.826734 0.777776 0.0302236 0.0635691
0 0.856213 0.687959 0.0396147 0.0373216
0 0.861253 0.72167 0.0525577 0.0481544
0 0.681592 0.19304 0.0442263 0.0220149
0 0.86367 0.706268 0.0607613 0.0660158
