0 0.485821 0.470019 0.045929 0.0591493
0 0.368656 0.0261637 0.0745039 0.049114
0 0.103295 0.311156 0.0547478 0.0754042
0 0.569192 0.368458 0.0468128 0.0407981
0 0.457318 0.943563 0.043539 0.0752964
0 0.382947 0.631532 0.029697 0.0304794
0 0.787041 0.166713 0.0702996 0.0283123
0 0.130446 0.8749 0.0260915 0.039716
0 0.203501 0.725126 0.0448519 0.062781
0 0.560249 0.311001 0.0493816 0.0492145
0 0.374618 0.535755 0.0484632 0.0633671
0 0.834476 0.655759 0.072069 0.0671926
0 0.745766 0.798584 0.0375388 0.0645303
0 0.977855 0.505414 0.0439101 0.0739062
0 0.529883 0.907716 0.0540917 0.0552425
0 0.687234 0.226611 0.0990168 0.0805406
0 0.382145 0.562043 0.0480072 0.0526199
0 0.380671 0.546227 0.0586997 0.083514
0 0.559182 0.322898 0.0545626 0.0712703
0 0.851601 0.881648 0.0223575 0.0210426
0 0.695575 0.234483 0.0863223 0.0694911
