0 0.79668 0.151886 0.05905 0.0487722
0 0.364302 0.499788 0.0559855 0.0547909
0 0.325797 0.0180367 0.0725709 0.0360734
0 0.214701 0.0533208 0.0547075 0.0455811
0 0.147739 0.852496 0.0294513 0.0361452
0 0.51128 0.936715 0.0683725 0.0736463
0 0.512375 0.39255 0.0819762 0.0570447
0 0.138321 0.328753 0.0323266 0.0209574
0 0.858213 0.770928 0.0467882 0.0408109
0 0.228093 0.688463 0.053439 0.0789435
0 0.622533 0.861686 0.0610774 0.0510211
0 0.0716023 0.25528 0.0222526 0.0615417
0 0.194184 0.246605 0.0560606 0.094575
0 0.187859 0.254757 0.0513952 0.112565
0 0.850971 0.874475 0.0328708 0.0407493
0 0.180403 0.270676 0.0362517 0.069488
