0 0.775916 0.211836 0.0668904 0.0402587
0 0.362933 0.0271441 0.0753011 0.0471702
0 0.279136 0.0132942 0.0373942 0.0265883
0 0.943704 0.478186 0.0559204 0.0839732
0 0.704019 0.800032 0.0553148 0.0412726
0 0.168941 0.941052 0.0292563 0.0348532
0 0.393684 0.546875 0.100836 0.114765
0 0.142556 0.2105 0.0216953 0.0388635
0 0.404041 0.537821 0.0923554 0.0879641
0 0.776351 0.803725 0.0402343 0.0402927
0 0.781743 0.800828 0.0466799 0.0408715
0 0.389969 0.534547 0.0810618 0.113432
0 0.758911 0.767721 0.0243011 0.0151597
0 0.196358 0.866851 0.0184822 0.0270346
0 0.384018 0.510543 0.0434545 0.0685322
