0 0.143689 0.361507 0.0489482 0.048098
0 0.0465717 0.392869 0.0245928 0.0748875
0 0.296127 0.583858 0.0529562 0.0582672
0 0.157734 0.28453 0.0774802 0.0615122
0 0.536311 0.967212 0.0714856 0.0590678
0 0.943114 0.731737 0.0733538 0.0705707
0 0.643176 0.957526 0.0227611 0.0281671
0 0.683805 0.803317 0.0420589 0.0259429
0 0.566484 0.979498 0.0484726 0.0410048
0 0.975998 0.716301 0.0384507 0.0505824
0 0.45647 0.984684 0.0315266 0.0306324
0 0.957579 0.727421 0.0736012 0.0775615
0 0.688626 0.801134 0.035924 0.0225358
0 0.93271 0.73755 0.0712693 0.0652442
