0 0.370525 0.0259825 0.0713956 0.0473575
0 0.459586 0.491872 0.0738575 0.0600747
0 0.106372 0.304767 0.0605088 0.0786807
0 0.805432 0.674089 0.0758197 0.0791014
0 0.358079 0.666435 0.0623269 0.0772164
0 0.352326 0.573746 0.0619271 0.054934
0 0.707396 0.741044 0.0315324 0.0250821
0 0.953875 0.509492 0.0400202 0.0505195
0 0.936395 0.621508 0.054021 0.0365582
0 0.530181 0.858163 0.0342246 0.0287719
0 0.60656 0.323823 0.191371 0.114847
0 0.895916 0.710586 0.0278002 0.0417278
0 0.261071 0.657869 0.0397922 0.0593909
0 0.622518 0.309383 0.150076 0.0836386
0 0.269137 0.653915 0.0438456 0.0581704
0 0.574598 0.332691 0.124766 0.0975255
0 0.5899 0.869994 0.0328479 0.0313839
0 0.631491 0.301217 0.129693 0.0686726
