0 0.172074 0.775142 0.0614347 0.0619124
0 0.472752 0.930161 0.0348643 0.0634452
0 0.830657 0.798902 0.0522132 0.0584645
0 0.114977 0.271787 0.0312578 0.0514283
0 0.810361 0.635487 0.0341488 0.0414739
0 0.786336 0.234001 0.0632548 0.0360331
0 0.459601 0.459511 0.0317429 0.0399086
0 0.89329 0.585367 0.0221903 0.0221345
0 0.829883 0.782569 0.0519613 0.0519083
0 0.466566 0.0097655 0.0323999 0.0159568
0 0.612347 0.979275 0.0253255 0.0206802
0 0.568874 0.0144014 0.0254796 0.0167964
0 0.571671 0.901291 0.0523016 0.0228691
