0 0.144357 0.882921 0.0562378 0.0391035
0 0.359701 0.0240767 0.0622633 0.0406195
0 0.701733 0.235419 0.0518299 0.0459468
0 0.87336 0.554743 0.0453324 0.0424058
0 0.674395 0.806113 0.0738616 0.0546761
0 0.219671 0.0725026 0.0518501 0.0744631
0 0.0960672 0.837778 0.032955 0.0499402
0 0.566014 0.904716 0.0513592 0.0455699
0 0.514014 0.981864 0.0374436 0.0361862
0 0.145288 0.875361 0.0597518 0.0523322
0 0.234151 0.651731 0.0338032 0.0782895
0 0.329399 0.636621 0.0334108 0.027179
0 0.714122 0.926712 0.0490899 0.0304492
0 0.989922 0.48504 0.0192885 0.0336022
0 0.236575 0.660252 0.0459745 0.111111
0 0.439724 0.56464 0.0409172 0.0470493
0 0.989769 0.37947 0.0198894 0.032195
0 0.445286 0.561471 0.0417106 0.0465081
