0 0.377459 0.489292 0.0767788 0.056024
0 0.632221 0.866606 0.0348785 0.0473154
0 0.644169 0.921569 0.0518744 0.0165861
0 0.315892 0.567241 0.0401012 0.0382681
0 0.856921 0.172701 0.0398755 0.0458162
0 0.516266 0.898179 0.0349057 0.0314498
0 0.729361 0.240612 0.070379 0.0459701
0 0.714683 0.829146 0.0493646 0.0526569
0 0.124161 0.852205 0.0340118 0.0494577
0 0.343138 0.0109033 0.0386358 0.0218067
0 0.377706 0.607768 0.0700643 0.057142
0 0.542327 0.967202 0.0830728 0.0638096
0 0.926698 0.574582 0.0478942 0.035365
0 0.391422 0.603309 0.059168 0.0595438
0 0.80028 0.851532 0.0204346 0.0533395
0 0.963279 0.511117 0.0245748 0.0397909
0 0.757561 0.755262 0.0316888 0.0486953
0 0.787353 0.713794 0.0388554 0.047482
0 0.649435 0.918943 0.058672 0.0155585
0 0.800916 0.91279 0.0281186 0.0212936
0 0.830343 0.740041 0.0191903 0.052326
0 0.770318 0.739211 0.0567255 0.0918572
