0 0.605957 0.824828 0.0439018 0.0304019
0 0.364973 0.0224876 0.0669618 0.0423586
0 0.0897615 0.337541 0.0473051 0.0731435
0 0.261845 0.772471 0.0485251 0.0349047
0 0.972937 0.38679 0.0513141 0.0336353
0 0.380056 0.558901 0.112518 0.057745
0 0.42313 0.468737 0.0465213 0.046331
0 0.0140984 0.420017 0.02618 0.0552432
0 0.506478 0.962962 0.0307986 0.0432901
0 0.887074 0.74385 0.0307133 0.0553775
0 0.851275 0.792865 0.0286539 0.0346947
0 0.659249 0.28453 0.0362859 0.052326
0 0.822966 0.179898 0.0357873 0.0245143
0 0.190508 0.884109 0.0266073 0.0439986
0 0.654294 0.286693 0.0408173 0.0612181
