0 0.947087 0.45165 0.0455604 0.0483447
0 0.343288 0.0388609 0.069916 0.0450246
0 0.0388726 0.371282 0.0580174 0.0886795
0 0.619537 0.974357 0.0660436 0.0483551
0 0.227927 0.703604 0.0877783 0.0819418
0 0.915965 0.676032 0.100122 0.0914221
0 0.700945 0.821329 0.0525525 0.0233717
0 0.920249 0.663762 0.0932821 0.0755099
0 0.846233 0.797991 0.0524302 0.0745481
0 0.842132 0.80204 0.0469098 0.0612684
0 0.542411 0.00837373 0.0544318 0.0167475
0 0.952927 0.558507 0.0238119 0.0439534
0 0.833109 0.79859 0.06953 0.0775471
