0 0.511922 0.923312 0.0589834 0.0667745
0 0.287608 0.634298 0.0373623 0.0315757
0 0.695716 0.85976 0.0652785 0.0540084
0 0.475761 0.49987 0.0261782 0.0435967
0 0.148057 0.929735 0.0200734 0.0439292
0 0.865038 0.821116 0.0195546 0.0489963
0 0.666899 0.79007 0.0410553 0.055782
0 0.650715 0.287849 0.0339864 0.0258823
0 0.890032 0.710184 0.0443805 0.0221541
0 0.584307 0.307464 0.0521952 0.0432372
0 0.630355 0.813427 0.0362211 0.0395672
0 0.684613 0.86809 0.0780215 0.0680457
0 0.577796 0.310696 0.0596855 0.0411901
0 0.9847 0.617544 0.0269567 0.0411831
0 0.697791 0.869145 0.0633662 0.0684731
