0 0.340707 0.0405909 0.0758588 0.0476512
0 0.483252 0.964335 0.0490859 0.0321887
0 0.805305 0.713844 0.0504327 0.0368458
0 0.933949 0.470292 0.0398604 0.0419098
0 0.523705 0.0108641 0.0638747 0.0216232
0 0.670089 0.295184 0.0353055 0.0363706
0 0.625697 0.349862 0.040009 0.0378488
0 0.21019 0.830056 0.0355589 0.0400209
0 0.0289134 0.389868 0.0496189 0.100633
0 0.598088 0.987683 0.0393682 0.0246335
0 0.724724 0.185461 0.0454985 0.0373281
0 0.136188 0.873925 0.039748 0.0853149
0 0.139718 0.868014 0.0488026 0.102518
0 0.981993 0.608544 0.036013 0.046241
0 0.0261484 0.396379 0.0418674 0.0821122
0 0.168256 0.788991 0.0306968 0.0337896
0 0.978221 0.620233 0.0435573 0.0715244
