0 0.591137 0.0105457 0.0719688 0.020307
0 0.12241 0.388993 0.048452 0.0412375
0 0.314683 0.617974 0.0455976 0.0771928
0 0.525706 0.95546 0.0794491 0.0866022
0 0.341326 0.0273065 0.0554216 0.0350769
0 0.543683 0.344041 0.0449538 0.0348593
0 0.174863 0.828535 0.0496378 0.121045
0 0.176694 0.812173 0.0545529 0.10779
0 0.364916 0.533538 0.0327649 0.0344293
0 0.867878 0.740653 0.0336117 0.0734159
0 0.151398 0.875433 0.0276127 0.047431
0 0.863112 0.746663 0.0267539 0.0542839
0 0.753369 0.719942 0.046463 0.0392708
0 0.17223 0.841108 0.0388952 0.0887103
0 0.367277 0.528341 0.0334482 0.0481598
