0 0.151816 0.766742 0.0311704 0.0498068
0 0.365746 0.024458 0.0723494 0.0476632
0 0.788436 0.874987 0.0636716 0.0526116
0 0.723936 0.230012 0.121354 0.0834103
0 0.392202 0.566991 0.0489905 0.0494524
0 0.230401 0.686578 0.0605833 0.0812125
0 0.342183 0.511637 0.0321131 0.0209867
0 0.590858 0.287827 0.0539141 0.0520521
0 0.852657 0.764328 0.0335938 0.0492709
0 0.0778348 0.338596 0.0834291 0.106762
0 0.0876076 0.330797 0.0686209 0.096994
0 0.0476205 0.37562 0.0367136 0.0907233
0 0.487586 0.0222601 0.0235441 0.0229933
0 0.0590184 0.360802 0.0647653 0.122797
