0 0.142756 0.886107 0.0746964 0.0851543
0 0.214059 0.0827951 0.0365309 0.0615328
0 0.333815 0.590367 0.0716531 0.0372486
0 0.350336 0.0333919 0.072399 0.0559539
0 0.592459 0.844672 0.0910158 0.0625196
0 0.431728 0.479822 0.0688687 0.0907586
0 0.855064 0.821609 0.0514218 0.0641518
0 0.201454 0.80328 0.0333914 0.034936
0 0.543906 0.949749 0.051277 0.0548131
0 0.457865 0.47192 0.109807 0.0928497
0 0.444992 0.479738 0.0926338 0.0971993
0 0.463422 0.459646 0.096366 0.0703164
0 0.30049 0.65072 0.020877 0.0388451
0 0.4234 0.487018 0.0536486 0.074162
