0 0.148619 0.887169 0.0428725 0.0432259
0 0.336009 0.503578 0.062549 0.0682649
0 0.338016 0.02666 0.0730913 0.0502581
0 0.220988 0.0877315 0.0728238 0.0958853
0 0.650352 0.78265 0.0588132 0.0430512
0 0.95654 0.538498 0.0658398 0.0558939
0 0.334204 0.585867 0.0666705 0.0580485
0 0.927562 0.702585 0.067003 0.109074
0 0.573766 0.932562 0.0437846 0.0342638
0 0.504508 0.888517 0.0354994 0.0254974
0 0.671957 0.92493 0.0847954 0.025467
0 0.660733 0.926208 0.0648715 0.0255615
0 0.686847 0.922854 0.0741642 0.0205376
0 0.98345 0.608731 0.0319765 0.0316727
0 0.933205 0.69073 0.0642132 0.0970488
0 0.923223 0.712617 0.0557139 0.0859488
0 0.326062 0.580674 0.0633405 0.0502526
0 0.487853 0.947728 0.0275366 0.067234
