0 0.397178 0.484593 0.0436258 0.0418454
0 0.881498 0.797224 0.0441256 0.048947
0 0.162235 0.878758 0.0398337 0.0425484
0 0.0839867 0.391165 0.0349182 0.0733156
0 0.538151 0.982377 0.0502437 0.0352451
0 0.340954 0.0123053 0.0402875 0.0246106
0 0.165076 0.930829 0.029651 0.0419033
0 0.622827 0.925687 0.0795003 0.0208549
0 0.727533 0.245826 0.0511787 0.0378427
0 0.790361 0.777296 0.0600839 0.0511093
0 0.791498 0.709765 0.0555819 0.0702715
0 0.802647 0.85662 0.0204786 0.0350071
0 0.727198 0.725751 0.0441043 0.0675727
0 0.583923 0.879576 0.072762 0.0304701
0 0.510818 0.878492 0.0218408 0.0396943
0 0.709707 0.211621 0.031441 0.0209233
0 0.77737 0.720781 0.065207 0.0880315
0 0.803238 0.772663 0.0560458 0.0428195
