0 0.0524105 0.446405 0.0416781 0.0447903
0 0.0810315 0.322506 0.0453322 0.039345
0 0.171856 0.851774 0.0544151 0.0759153
0 0.637964 0.772354 0.0379179 0.031111
0 0.341757 0.0297881 0.0597409 0.0443198
0 0.182673 0.772799 0.0334652 0.0438695
0 0.149325 0.366432 0.0258814 0.0523859
0 0.865788 0.651821 0.0282086 0.0735135
0 0.523036 0.94909 0.0569691 0.0697012
0 0.240662 0.704061 0.040882 0.0642836
0 0.632127 0.911954 0.0371935 0.0285138
0 0.954918 0.65492 0.0814703 0.112341
0 0.978278 0.515364 0.0364661 0.0865432
0 0.942497 0.658663 0.058008 0.10694
0 0.956897 0.6389 0.0773653 0.0882425
0 0.935893 0.676402 0.0407333 0.0660746
0 0.975904 0.52344 0.0329382 0.0667774
