0 0.866825 0.634699 0.0475712 0.0523793
0 0.928982 0.574501 0.0320232 0.0456641
0 0.354965 0.0313374 0.0697228 0.05037
0 0.0964274 0.374462 0.0484507 0.0457054
0 0.601874 0.857958 0.0750355 0.0340295
0 0.456085 0.469597 0.0626878 0.0393651
0 0.737681 0.200104 0.0476463 0.0218071
0 0.201871 0.763146 0.0584626 0.0564053
0 0.165426 0.829523 0.0359287 0.0194604
0 0.758336 0.918977 0.063803 0.0440273
0 0.140894 0.891997 0.0435289 0.0454931
0 0.532193 0.908335 0.0470698 0.054919
0 0.359242 0.616669 0.103337 0.110446
0 0.240401 0.674609 0.0298948 0.0372143
