0 0.102927 0.370635 0.0541658 0.0640195
0 0.356676 0.0297324 0.0711237 0.0491144
0 0.892315 0.611754 0.0519264 0.036922
0 0.40594 0.488811 0.0540889 0.0374138
0 0.122838 0.911889 0.0378875 0.052248
0 0.397638 0.554488 0.0386469 0.0434456
0 0.281814 0.571719 0.0723236 0.0825276
0 0.566165 0.891091 0.104369 0.0838394
0 0.128913 0.840842 0.0808913 0.0680338
0 0.328807 0.66648 0.0992731 0.118765
0 0.722652 0.229804 0.116217 0.0974754
0 0.131403 0.901052 0.037741 0.0540411
0 0.349286 0.651632 0.0745457 0.101366
0 0.614555 0.821469 0.0293787 0.0172911
0 0.732614 0.215771 0.104096 0.0791788
0 0.712807 0.240194 0.106716 0.0856016
0 0.316884 0.678347 0.0893191 0.0890912
0 0.7632 0.709161 0.0187604 0.0197551
0 0.720674 0.935839 0.051429 0.0307596
0 0.309114 0.688279 0.0668583 0.068578
