0 0.646027 0.790147 0.0610452 0.0538745
0 0.315195 0.566918 0.0323843 0.0365927
0 0.900926 0.601979 0.0444086 0.0519466
0 0.514266 0.881544 0.0418608 0.0306032
0 0.352395 0.0325145 0.0709959 0.0579853
0 0.600499 0.854023 0.0823588 0.0443087
0 0.692205 0.214862 0.0486345 0.0634531
0 0.263272 0.681538 0.057343 0.0844467
0 0.429394 0.475796 0.0432439 0.0320569
0 0.101342 0.866816 0.0257239 0.0232663
0 0.168151 0.80915 0.0320235 0.0449905
0 0.928378 0.443759 0.0325942 0.0226579
0 0.692879 0.871496 0.0515788 0.0272725
