0 0.327756 0.531302 0.0559049 0.0468545
0 0.354716 0.0294626 0.0692164 0.0478804
0 0.289762 0.65352 0.0442508 0.0428059
0 0.80545 0.677938 0.0437143 0.0484115
0 0.600647 0.860567 0.0963728 0.0534457
0 0.129775 0.363371 0.0332543 0.0616226
0 0.676182 0.796374 0.0324013 0.0298905
0 0.619469 0.963943 0.0361667 0.0361288
0 0.162173 0.862555 0.0414248 0.0520355
0 0.449565 0.529217 0.0346587 0.0440195
0 0.178857 0.119559 0.0314929 0.050921
0 0.156642 0.871305 0.0404957 0.0630643
0 0.147383 0.875608 0.0232602 0.0439855
