0 0.181916 0.139736 0.0478544 0.0890482
0 0.926193 0.62861 0.0374676 0.0556679
0 0.120406 0.88813 0.0295797 0.0316961
0 0.979216 0.510953 0.0341232 0.0458288
0 0.582717 0.274183 0.0554342 0.0637044
0 0.880292 0.787795 0.0309119 0.0341024
0 0.781484 0.214567 0.0587003 0.0649843
0 0.179869 0.145132 0.0414872 0.0718277
0 0.573108 0.886925 0.035394 0.0220971
0 0.800459 0.21185 0.0928693 0.0754222
0 0.816289 0.216014 0.0660801 0.0497802
0 0.598533 0.977994 0.0342705 0.0265714
0 0.944185 0.692906 0.0223632 0.0381076
0 0.509616 0.985623 0.025317 0.0287538
0 0.987258 0.598363 0.0242578 0.034584
