0 0.0480171 0.410958 0.0370588 0.0365779
0 0.70505 0.741189 0.0399418 0.0449266
0 0.681606 0.818732 0.0515579 0.0751395
0 0.330926 0.105115 0.0437703 0.0354998
0 0.488322 0.490636 0.0375009 0.020243
0 0.624358 0.388741 0.0463643 0.0568757
0 0.808726 0.151653 0.084124 0.0562072
0 0.174063 0.951158 0.0198731 0.0320957
0 0.755412 0.837668 0.0507606 0.0738338
0 0.796118 0.88944 0.0257471 0.0240915
0 0.742115 0.847759 0.0533686 0.0679302
0 0.560151 0.967838 0.0320246 0.0540898
0 0.794433 0.150941 0.0661751 0.0421079
