0 0.101009 0.311346 0.0612494 0.0756338
0 0.135268 0.837327 0.0362212 0.0443678
0 0.644152 0.83169 0.0481865 0.0369266
0 0.746491 0.250069 0.0798154 0.0654089
0 0.912653 0.71484 0.0518649 0.0686853
0 0.472953 0.963795 0.0696616 0.0707841
0 0.541493 0.878915 0.0602019 0.0424197
0 0.834523 0.762651 0.0310018 0.0258341
0 0.766229 0.146291 0.0326368 0.0275454
0 0.820377 0.136168 0.0350866 0.0275072
0 0.814084 0.689376 0.0430224 0.0499535
0 0.771978 0.738086 0.048728 0.0833943
0 0.651064 0.765102 0.0242097 0.023542
0 0.765826 0.74646 0.0426373 0.0665271
0 0.809351 0.699701 0.0456386 0.0701385
