0 0.901495 0.830551 0.044915 0.0372562
0 0.488693 0.9448 0.0421806 0.0375354
0 0.684869 0.808116 0.0472938 0.0346148
0 0.80514 0.151095 0.0990651 0.0669602
0 0.988769 0.67254 0.0215855 0.0332596
0 0.826726 0.800519 0.0282187 0.0380263
0 0.960804 0.507103 0.0691073 0.0901629
0 0.825259 0.150265 0.0549834 0.0587284
0 0.0888653 0.862028 0.0261833 0.0392727
0 0.128265 0.937423 0.0266029 0.0460935
0 0.483675 0.938572 0.0355834 0.0479021
0 0.786999 0.145947 0.0900311 0.0431762
0 0.614394 0.810475 0.0313332 0.0299945
0 0.685773 0.319017 0.0313985 0.0445826
0 0.902062 0.550547 0.0281743 0.0337415
