0 0.460563 0.510727 0.0824913 0.0707954
0 0.309362 0.664953 0.0899758 0.0577378
0 0.144354 0.837384 0.0490885 0.0598128
0 0.720215 0.168004 0.0392268 0.0394737
0 0.35154 0.0316954 0.0706544 0.0560724
0 0.927635 0.494433 0.0508952 0.0526603
0 0.75589 0.8374 0.0649326 0.0490113
0 0.072118 0.45241 0.0264574 0.0464319
0 0.632165 0.263707 0.0503432 0.0462168
0 0.920556 0.80776 0.0260431 0.0292754
0 0.193896 0.864637 0.0260937 0.0469375
0 0.948919 0.512308 0.0286039 0.0464685
0 0.990857 0.618606 0.0182865 0.0330541
