0 0.191759 0.47912 0.0656808 0.0483805
0 0.979647 0.455536 0.0407054 0.0506724
0 0.543396 0.276358 0.0304005 0.0304668
0 0.970845 0.549119 0.0583102 0.101637
0 0.742419 0.117775 0.0250411 0.0252753
0 0.876512 0.250798 0.0675759 0.0898525
0 0.311958 0.337109 0.0340192 0.0352883
0 0.343467 0.298757 0.0354005 0.0573027
0 0.89873 0.270327 0.119256 0.135937
0 0.985334 0.637573 0.0287585 0.0719342
0 0.886563 0.252851 0.0955346 0.0976812
0 0.92812 0.372693 0.0537989 0.0926434
0 0.977393 0.47574 0.0452135 0.0906059
