0 0.459541 0.237922 0.0578257 0.0361289
0 0.767281 0.0197235 0.0431706 0.0394471
0 0.720351 0.153655 0.0444859 0.0289487
0 0.333757 0.29603 0.0398152 0.056842
0 0.343772 0.129928 0.0591702 0.0240369
0 0.922408 0.191514 0.09118 0.10363
0 0.311083 0.339533 0.0504743 0.0646392
0 0.980926 0.510066 0.0381471 0.110685
0 0.313276 0.328661 0.0613494 0.0960387
0 0.921862 0.206263 0.0852771 0.0772571
0 0.910867 0.168283 0.0714197 0.0893602
0 0.981946 0.525342 0.0361083 0.0842268
0 0.983983 0.630397 0.028157 0.03057
