0 0.190966 0.476875 0.0626034 0.0448748
0 0.981047 0.651395 0.0379066 0.0344844
0 0.652497 0.472455 0.0468575 0.0951018
0 0.339427 0.303429 0.0385307 0.0669019
0 0.322009 0.320504 0.0563765 0.073419
0 0.937023 0.402896 0.0456713 0.119367
0 0.320081 0.331506 0.0504609 0.0514621
0 0.817404 0.220898 0.0348516 0.0351418
0 0.933793 0.418231 0.0556073 0.141645
0 0.931359 0.38624 0.037904 0.0993418
0 0.944033 0.435339 0.0413369 0.104633
0 0.816879 0.217096 0.0410168 0.0469443
0 0.810374 0.826111 0.0332142 0.041857
