0 0.223791 0.510193 0.0559493 0.0454159
0 0.79128 0.166092 0.0788574 0.0769436
0 0.89031 0.288005 0.0788441 0.0845373
0 0.334875 0.29326 0.0336564 0.0446602
0 0.31479 0.336079 0.0457089 0.0493934
0 0.981299 0.703249 0.0374014 0.0809736
0 0.956756 0.593156 0.0386113 0.0922167
0 0.957703 0.608995 0.0507126 0.13494
0 0.982649 0.710006 0.0328382 0.0647364
0 0.961241 0.638503 0.0455263 0.130989
0 0.830189 0.276231 0.0433863 0.0615215
0 0.923287 0.506904 0.0285256 0.0553042
0 0.84581 0.281079 0.0739589 0.0822572
