0 0.822143 0.14057 0.0714276 0.0697107
0 0.817228 0.885263 0.0641432 0.0701604
0 0.976268 0.702806 0.047465 0.110377
0 0.413078 0.192668 0.0404029 0.0256448
0 0.930084 0.299704 0.0356587 0.0293096
0 0.343726 0.30202 0.0348718 0.0550141
0 0.482079 0.173219 0.0661904 0.0303876
0 0.978221 0.713321 0.0416396 0.091223
0 0.95595 0.331645 0.0219299 0.0511029
0 0.920989 0.326025 0.0346135 0.0442671
0 0.968987 0.698807 0.0547509 0.122269
0 0.324974 0.31917 0.0446635 0.0685893
0 0.136673 0.446272 0.0325424 0.0189606
