0 0.753329 0.0185241 0.0509546 0.0370483
0 0.333408 0.292524 0.0423759 0.0521271
0 0.792557 0.236243 0.0703003 0.0933081
0 0.886333 0.16458 0.0620353 0.0767616
0 0.309658 0.337843 0.0483333 0.0443897
0 0.925241 0.267094 0.0740771 0.0797547
0 0.312108 0.332591 0.0615517 0.0649047
0 0.980745 0.396965 0.0385107 0.116461
0 0.982581 0.473276 0.0348382 0.105308
0 0.804962 0.234309 0.100722 0.102632
0 0.980768 0.451935 0.038464 0.11851
0 0.980162 0.424009 0.039676 0.121768
0 0.982268 0.373608 0.0354631 0.11
