0 0.189905 0.478994 0.0553907 0.0405344
0 0.699854 0.0273916 0.0431908 0.0547832
0 0.338012 0.297753 0.0385192 0.0650634
0 0.80623 0.216953 0.068877 0.101018
0 0.315583 0.334401 0.04479 0.0444099
0 0.976342 0.709454 0.047287 0.107876
0 0.977075 0.568482 0.0458504 0.116441
0 0.317568 0.320226 0.0556123 0.0732718
0 0.962285 0.408063 0.0754293 0.127022
0 0.965643 0.568988 0.0617433 0.135431
0 0.964434 0.439042 0.0711327 0.108723
0 0.814558 0.235903 0.0809433 0.148135
0 0.969937 0.560194 0.0553414 0.109185
0 0.980083 0.591748 0.0398347 0.103501
0 0.832657 0.282872 0.0586176 0.107091
0 0.947371 0.387385 0.0503798 0.0861213
