0 0.195115 0.481166 0.0467988 0.0379915
0 0.828693 0.211522 0.0417857 0.0239042
0 0.986301 0.424851 0.0255327 0.0501447
0 0.918083 0.311013 0.0341743 0.095067
0 0.978955 0.581855 0.0420907 0.112222
0 0.339856 0.299418 0.0369229 0.0577135
0 0.989455 0.660183 0.0210904 0.0669723
0 0.313863 0.335509 0.0367075 0.0353485
0 0.977642 0.56336 0.0433922 0.105244
0 0.920487 0.332757 0.0308349 0.0808674
0 0.318437 0.325933 0.0454102 0.055388
0 0.983845 0.630902 0.0323105 0.11223
0 0.941358 0.272325 0.035162 0.050804
