0 0.193908 0.482207 0.0679925 0.0492003
0 0.980095 0.641198 0.0398093 0.0595448
0 0.714907 0.643871 0.0389843 0.0958445
0 0.338934 0.302049 0.0411813 0.0684227
0 0.32435 0.32098 0.0597188 0.0631071
0 0.8927 0.31834 0.0799553 0.120261
0 0.952582 0.464355 0.0651088 0.109661
0 0.320003 0.335682 0.0500014 0.03496
0 0.800855 0.259081 0.0530019 0.0846422
0 0.793026 0.254052 0.0538921 0.077549
0 0.956096 0.485771 0.0696802 0.152111
0 0.888584 0.296953 0.0767574 0.0897393
0 0.972419 0.52629 0.0542197 0.10398
0 0.969691 0.504037 0.058718 0.120003
