0 0.195454 0.482147 0.0655197 0.047368
0 0.926187 0.428994 0.0826142 0.0882325
0 0.793671 0.232697 0.0552406 0.102955
0 0.910146 0.311853 0.107373 0.0863
0 0.585199 0.373028 0.0604191 0.077083
0 0.634056 0.373046 0.055565 0.0933513
0 0.34179 0.294061 0.0422851 0.0523674
0 0.978163 0.635642 0.0436733 0.104579
0 0.32084 0.334441 0.0478128 0.0371798
0 0.910318 0.320128 0.121071 0.111204
0 0.608378 0.370616 0.108937 0.0911061
0 0.976399 0.649011 0.0377035 0.0875452
0 0.963756 0.631086 0.0724877 0.107179
