0 0.774158 0.0495802 0.0578938 0.0434657
0 0.447227 0.899719 0.0473814 0.0863867
0 0.378106 0.745331 0.0335146 0.088248
0 0.944651 0.357726 0.0822362 0.0463936
0 0.938042 0.455635 0.0498388 0.118857
0 0.333037 0.295328 0.041469 0.0574825
0 0.311535 0.335173 0.0387455 0.0425882
0 0.939554 0.468288 0.0475577 0.0851058
0 0.620756 0.378128 0.0860085 0.100512
0 0.630502 0.392457 0.107165 0.134039
0 0.313454 0.325729 0.0484714 0.0622395
0 0.64659 0.415797 0.101472 0.135002
0 0.938536 0.436935 0.0542794 0.121343
