0 0.199469 0.485924 0.0573708 0.0430334
0 0.496844 0.284989 0.0717732 0.0643073
0 0.725824 0.754812 0.0259304 0.052531
0 0.397526 0.184636 0.0527178 0.0294245
0 0.981167 0.672876 0.0376667 0.0996821
0 0.969247 0.501408 0.0615064 0.109247
0 0.660145 0.476999 0.0384784 0.103985
0 0.316481 0.336272 0.0442773 0.0338413
0 0.788871 0.209976 0.101828 0.12542
0 0.77821 0.19509 0.0800948 0.0927379
0 0.318255 0.331822 0.0510165 0.0428312
0 0.338046 0.29752 0.0386907 0.0533216
0 0.66192 0.490773 0.0333805 0.0702299
0 0.967174 0.485845 0.0543537 0.0843005
0 0.862805 0.283192 0.140977 0.100629
0 0.655886 0.464006 0.0412121 0.11586
