0 0.487727 0.242034 0.0508685 0.0564514
0 0.616941 0.371017 0.0789938 0.0669804
0 0.29488 0.562219 0.0777508 0.0589958
0 0.397574 0.179814 0.0364712 0.0247416
0 0.723048 0.700809 0.0333139 0.105503
0 0.972285 0.62806 0.0554307 0.104186
0 0.336199 0.297072 0.0407056 0.0678953
0 0.968864 0.634963 0.0575358 0.136809
0 0.97776 0.434745 0.0434592 0.0976115
0 0.31343 0.32799 0.0434774 0.0500379
0 0.9713 0.614239 0.0535274 0.0796571
0 0.724989 0.70992 0.0303785 0.0777867
0 0.316938 0.311162 0.0592537 0.084218
0 0.974618 0.665498 0.0507646 0.129674
0 0.962381 0.667312 0.0689873 0.148121
0 0.981989 0.703031 0.0360212 0.121403
