0 0.0852461 0.451571 0.0506748 0.065497
0 0.874387 0.11758 0.0357342 0.0412171
0 0.982998 0.634007 0.0340046 0.094583
0 0.590626 0.311196 0.0996737 0.107826
0 0.821193 0.96879 0.0687565 0.0606244
0 0.782685 0.565808 0.0656533 0.109294
0 0.336811 0.298921 0.037083 0.0540258
0 0.310787 0.336162 0.0364115 0.0422221
0 0.961292 0.3749 0.0616361 0.100141
0 0.57466 0.295377 0.0654547 0.0797353
0 0.981662 0.429998 0.0365338 0.0692016
0 0.972627 0.408574 0.0547316 0.112561
0 0.96499 0.384117 0.0700195 0.130351
0 0.986631 0.646344 0.0267389 0.077906
0 0.785372 0.579756 0.0501866 0.0780874
0 0.594324 0.326991 0.0913014 0.072197
