0 0.370647 0.106686 0.047761 0.0473617
0 0.796802 0.144064 0.0389079 0.0344524
0 0.880408 0.2718 0.0767064 0.0841607
0 0.728058 0.046552 0.0306199 0.0267614
0 0.333424 0.306594 0.0432088 0.0758395
0 0.320513 0.311807 0.0610801 0.0883071
0 0.966847 0.422548 0.0605364 0.129657
0 0.97447 0.424087 0.051059 0.115271
0 0.970158 0.375417 0.0499985 0.114695
0 0.968467 0.43802 0.0461085 0.100472
0 0.972176 0.397582 0.055648 0.132274
0 0.788427 0.797205 0.0234618 0.0297618
0 0.965635 0.358324 0.0475161 0.0816612
