0 0.192132 0.478164 0.0480512 0.0380071
0 0.987196 0.635735 0.0256087 0.0922484
0 0.852206 0.274768 0.0699358 0.0902881
0 0.313094 0.33501 0.0384542 0.0321037
0 0.33993 0.299087 0.034894 0.0575126
0 0.88304 0.34794 0.0751891 0.100223
0 0.98955 0.535009 0.0208993 0.0610992
0 0.985969 0.523888 0.0267087 0.0726845
0 0.316347 0.325447 0.0478011 0.0509592
0 0.885649 0.360923 0.0691817 0.0710789
0 0.852837 0.282848 0.0797558 0.128988
0 0.988104 0.646191 0.0237914 0.0761876
0 0.882428 0.336506 0.0851085 0.146034
