0 0.959687 0.49804 0.046882 0.103758
0 0.985069 0.43043 0.0298626 0.0481697
0 0.871361 0.246469 0.0997041 0.133757
0 0.341093 0.300818 0.0413069 0.0533367
0 0.743589 0.0976286 0.121861 0.124758
0 0.7298 0.0726814 0.0754399 0.0848638
0 0.32713 0.321556 0.0525671 0.0563385
0 0.950618 0.429658 0.0397336 0.0572118
0 0.858012 0.224574 0.079337 0.0982367
0 0.744303 0.0807095 0.0935885 0.100076
0 0.868905 0.308795 0.086331 0.108282
0 0.869845 0.229501 0.0864016 0.103025
0 0.87161 0.290986 0.0990763 0.138086
