0 0.192732 0.479508 0.0470868 0.0360144
0 0.740958 0.0642106 0.0671445 0.0360038
0 0.967563 0.671657 0.0363939 0.0829189
0 0.337469 0.296935 0.036873 0.0517958
0 0.31282 0.33757 0.0389661 0.0363164
0 0.805002 0.226711 0.0560505 0.0869631
0 0.807866 0.241998 0.0628502 0.118957
0 0.977794 0.546112 0.0444118 0.119288
0 0.980755 0.561682 0.0382209 0.0952363
0 0.85667 0.284561 0.0923774 0.0996608
0 0.959186 0.399949 0.0816276 0.1368
0 0.869521 0.287244 0.0666987 0.0886325
0 0.683614 0.0205003 0.0295277 0.0334584
0 0.314908 0.328721 0.049372 0.054854
0 0.949359 0.382607 0.0662197 0.0999115
