0 0.669102 0.401322 0.0408221 0.0416397
0 0.192808 0.479275 0.0360647 0.0293123
0 0.793318 0.805353 0.026726 0.0453807
0 0.792443 0.13901 0.0442727 0.0506857
0 0.338059 0.296192 0.038458 0.0615744
0 0.315705 0.335483 0.0444762 0.0421168
0 0.961475 0.527083 0.077049 0.14001
0 0.317434 0.322517 0.0538601 0.0670657
0 0.961309 0.546013 0.0773826 0.123447
0 0.795583 0.172071 0.0479006 0.0606593
0 0.807727 0.167796 0.0516024 0.0528591
0 0.948676 0.504776 0.0579574 0.107958
0 0.790885 0.188121 0.0340495 0.0325925
