0 0.065839 0.45785 0.0611517 0.0471895
0 0.224525 0.510494 0.0580305 0.0461359
0 0.767005 0.131973 0.0742819 0.0853382
0 0.972955 0.682129 0.0540905 0.0922751
0 0.332985 0.296871 0.0450814 0.0560353
0 0.309352 0.331204 0.043655 0.037354
0 0.953413 0.549612 0.0508316 0.132904
0 0.829731 0.237594 0.0939583 0.0958664
0 0.947574 0.532768 0.0329223 0.0945098
0 0.840606 0.232734 0.0664299 0.0810796
0 0.952794 0.565345 0.0436299 0.11107
0 0.815911 0.24133 0.0656228 0.0845739
0 0.313559 0.31411 0.0619558 0.0741095
