0 0.657786 0.435224 0.0838684 0.0848272
0 0.190319 0.476997 0.0359468 0.0269942
0 0.990223 0.709885 0.0195538 0.0708039
0 0.336012 0.302231 0.0386775 0.0672163
0 0.318565 0.331853 0.048857 0.0442992
0 0.823971 0.187386 0.0586658 0.10051
0 0.968133 0.559485 0.0637339 0.129074
0 0.319183 0.320498 0.0530812 0.0661159
0 0.767123 0.0766567 0.0267422 0.0329058
0 0.969136 0.540261 0.0588789 0.102384
0 0.84041 0.256281 0.0542822 0.116048
0 0.827026 0.201219 0.0663216 0.144438
0 0.844457 0.270427 0.0441706 0.0851945
0 0.970545 0.579835 0.0554931 0.0829231
